T_cells	CD8_T_cells	Cytotoxic_lymphocytes	B_lineage	NK_cells	Monocytic_lineage	Myeloid_dendritic_cells	Neutrophils	Endothelial_cells	Fibroblasts
TCGA-MP-A4T4-01A	3.5811119050386	3.76512093763619	2.76114279793926	3.00557066118695	0.952504877493479	4.55856762642549	3.06698343778295	2.14935962485667	2.75756077260651	7.41425789209223
TCGA-05-4250-01A	2.6915403952337	3.87394531322908	2.17336067904872	1.4692278699939	0.54127944303833	4.13576036483982	1.99578830921432	2.35795572869703	3.01544049610149	7.75627771060456
TCGA-64-5774-01A	2.29119951353821	5.10732056319497	0.80856076125305	2.25371600371784	2.04484801766465	2.33326832772164	0.89226208307073	2.92142059062339	3.09361049829842	6.48323674112625
TCGA-97-7937-01A	1.41065898609473	0.625150344822222	0.598142974043254	1.3439080373782	0.256181866096843	3.28372385944862	1.82338753306607	2.11856970563119	2.49143837093918	6.14873341776557
TCGA-97-A4M6-01A	3.71137416482981	2.81505946216834	1.77981016397238	3.98058874779592	0.470099146219491	4.433315459553	4.57566632813946	3.26679827271586	3.3040803280325	6.62358360876581
TCGA-44-A4SU-01A	2.66764354160325	1.55112930369128	1.02815789815119	4.04730587725459	0.238438206428261	3.0102241192584	3.22687861756521	2.25412718733498	2.85076810912801	6.42548424166836
TCGA-78-7155-01A	1.86164447136234	2.38723560529243	1.50557995947638	0.879066615210181	0.167014208657837	3.23998931189212	1.29170859167967	1.32681573409065	2.49616912145743	5.28991539874608
TCGA-78-7163-01A	1.61273596636948	2.09799038526785	1.1917932311137	1.57423609777471	0.185330312423899	1.8848821323387	1.98735306199322	2.51774097162564	1.93423942355468	2.81616712598627
TCGA-55-7574-01A	4.0412000857915	3.61590722914818	2.38443373664682	5.35369718901053	0.944574129582924	4.21279446582526	2.88331261495704	2.61799670953384	4.316330749881	7.88191520423669
TCGA-78-7535-01A	1.16792593811817	0.896878792240363	0.897932877945678	0.578564015853898	0.215613665520695	3.56714206840054	3.71589324736311	2.24254265565911	2.41967588697291	5.1488660133982
TCGA-55-8619-01A	3.08356390679847	3.26785916042931	2.12251324254547	3.95780664163877	0.667576512959835	4.13075346652841	3.04949121449266	3.31337559818061	3.92153987188925	6.02515115638157
TCGA-95-7567-01A	2.76650393707382	2.4052918014918	1.44634918529364	2.36481564385703	0.289164982227727	3.93044846436125	2.26396447358646	1.96373517879347	2.9641585449091	6.46929920490396
TCGA-44-7670-01A	2.04962738727729	3.9940976681551	1.1440428938836	2.63253481537213	0.253141759005424	3.9971373120679	1.98095805393159	2.63897688533781	3.65218643963931	6.01221157997778
TCGA-NJ-A7XG-01A	1.52152400912521	0.709335616301105	0.874115189954805	1.70868239570047	0.201363792326616	2.1088687319973	2.75952605741357	2.71847901809954	2.58176647992108	4.60013619262462
TCGA-44-8117-01A	1.93376040230841	1.43731027984797	1.12997468694551	1.7743750273819	0.444669405767998	3.73488318349075	1.68751781371312	2.34941758476616	3.50961433527354	6.76488281654758
TCGA-62-8402-01A	3.38119132867381	5.30773882911401	1.90623700450737	1.62249016152316	0.412188094582343	4.26793577685906	2.28403102239196	2.52383231867805	2.63744923582199	5.01329995547424
TCGA-49-4507-01A	2.49229677642275	3.97036056397725	2.56409990024212	1.49801797166727	1.48031491347363	3.74102063703796	1.67889376328819	2.24464855625672	2.12877977845277	5.61853754249488
TCGA-J2-A4AD-01A	1.73137032720609	1.31254044461278	0.774575926311611	1.10763859714868	0.231967252320783	3.20048338030067	1.40625614747076	2.398145344003	2.84196147567249	6.66164747507582
TCGA-55-A490-01A	2.12036594396217	1.33101136072812	0.769664810519945	1.6170635082741	0.158668037697003	3.62947199215965	2.84993443144053	1.9650670837992	2.85962421540807	6.4886484938112
TCGA-67-3770-01A	2.49605287765048	2.55692349221316	1.20027791439911	1.06966380974679	0.237836575426165	3.77738388091854	3.84475255215677	2.22144088460896	2.73067542544132	5.57608620593031
TCGA-55-A48Y-01A	1.85271029774255	1.53198162793931	1.1904370317856	1.8728031071062	0.382615946109542	3.12379575719688	1.56235111722807	2.44213368054208	3.38354557233635	7.52346986473432
TCGA-44-3918-01A	3.21756579556893	3.78480623600809	2.53642439859968	2.63804626414261	1.03197845534579	4.78521501769372	2.74039551629012	2.12443276388567	2.93197758300453	6.68707509458436
TCGA-05-4249-01A	2.42172330433439	2.16176881456702	1.11885193735751	3.02802234870195	0.38067863160513	4.38895283982945	5.24567487927155	3.00194100567047	3.46278810776917	6.31903908598594
TCGA-67-4679-01B	2.14708492029387	2.37647415488009	1.19734334594689	2.0378315909771	0.326959528620338	3.73729698366017	4.32699292149552	3.22114693033482	4.05497000635263	5.97031650474893
TCGA-55-A494-01A	1.61179541043204	3.54286271181037	0.556279256111903	0.832491466716857	0.114530163865423	2.11063111003835	1.82443421566918	2.33946437724285	3.29767158097902	5.83568067046544
TCGA-64-5778-01A	3.50453974732192	4.7869044068164	2.16062663294523	3.39581336518494	0.52219067543903	3.71306679089765	2.70069685092649	2.09071900816821	2.23520919462917	5.16290093415679
TCGA-49-AARQ-01A	1.97257060292629	3.76830011074065	1.44035320832286	1.38015213037042	0.921641242917066	2.54601831746872	2.22002274368312	1.79061909743022	1.31684072547121	4.29497174890036
TCGA-95-8494-01A	1.72745973821096	0.854688671704343	0.957076699545264	0.902571513128919	0.187195828357315	3.6509237284776	4.33166446271355	2.08265554613523	2.53722605993795	6.23732320403413
TCGA-55-7726-01A	1.59442404008337	0.816601737238373	0.860679072764623	1.52099745617768	0.267366951712832	3.59011463060609	3.4268823816399	2.32938439785567	3.01066540580444	8.20219313285643
TCGA-78-8660-01A	3.16805838665677	3.15063561831311	2.20844561906177	2.83518435095726	0.762530524604502	4.8292837816232	3.12299567838209	2.52075566554761	3.40750457229074	6.29879506169249
TCGA-49-4490-01A	2.27405131015309	1.93391582602571	0.926138829522083	1.96287261083176	0.131203011768146	2.73064074401859	2.24266657954912	2.1092442549042	3.41085013532174	6.84025578885688
TCGA-J2-8194-01A	1.83324333156493	1.14481661666926	0.937189408897445	1.70961779667254	0.294128614593341	4.69956948073458	4.04809816682949	3.60249662421481	4.13874744902934	6.84295344816543
TCGA-44-2659-01A	2.7533253617139	3.41382576242662	1.70269612827951	2.6848614140502	0.58797428076429	3.75481153687878	2.78810679347743	2.54066737419488	3.48275029302906	6.55920311740624
TCGA-78-7633-01A	1.23686237735041	0.602016922141703	0.785701907568316	0.719405437034229	0.198319976934552	2.85001773407187	2.25498219519993	2.82102364781448	4.59299851234935	4.9364944863767
TCGA-55-8299-01A	3.46221044448061	4.51477370496814	3.09748756501559	3.2229350944763	1.33343516372493	5.0524384377507	2.52205473128106	3.1245030572342	4.57308878121246	8.18652801128256
TCGA-67-6217-01A	3.1706385008997	3.21830079124509	1.60833009559587	3.53899914791105	0.474348378660091	3.69616970815212	4.48920461020862	2.50395481424406	3.34780296770847	6.18252953174668
TCGA-67-3774-01A	3.03046744990847	2.09880929140719	1.65555637855099	2.68713960176134	0.532024581359087	3.88934337366327	3.2404521874024	3.13911574607479	3.65920283878711	6.12117627084381
TCGA-MP-A4T6-01A	3.00580980984281	2.23564006350985	1.5437623401314	3.06738564936366	0.197315401143669	3.56007331463362	2.82105513120446	2.88524825888929	2.83974670834275	4.93096402605979
TCGA-50-5942-01A	2.34994703954092	2.16624876863847	1.17331750575217	2.3831970379349	0.229087080888076	2.75044519913632	3.09424062875614	2.81128481710439	3.72598248417924	5.67448740860019
TCGA-55-A48Z-01A	2.70912036221209	2.72747778805559	1.4035951762315	2.16557962739878	0.341921043827499	3.69984060246866	3.15001247392567	2.13063291398579	2.9041247703793	7.54242641905793
TCGA-99-AA5R-01A	3.588071205756	3.68856143468056	2.84170156378799	4.71810380339666	1.09620982730637	4.01677185825886	4.14440376184074	2.71920314510087	5.03067231435528	6.49993757030985
TCGA-86-8280-01A	3.56685582549042	2.72879542155534	1.55994721461785	3.52229430530285	0.378601633818662	4.32783250618953	4.44845094587279	2.69490855228637	3.96185905006916	7.20617150570405
TCGA-83-5908-01A	3.96143842005883	5.19678674597094	3.58609262502909	2.16087530884725	1.74800758521604	4.9700559503962	2.8428226450442	2.27226697955659	3.19810608487463	7.48722480798665
TCGA-78-7146-01A	2.04190749792197	1.88882987353933	1.19329118931499	0.931324466698075	0.298580384400813	4.2679335668275	2.1820804911824	2.2719418937244	2.54469469232796	6.34941269863741
TCGA-95-7948-01A	1.58941458319062	1.94005116597986	0.857443747371124	1.64965798950232	0.157856615017732	2.74454468928574	2.68865474101891	2.2387969364306	2.37146448225497	6.55551120184333
TCGA-55-7570-01A	2.11219929563836	4.87349111563551	1.39265779082916	1.65212605877205	0.212980141452445	2.92833953615464	1.06306043069588	2.08537926675225	2.46075483455713	6.32868619215065
TCGA-50-5072-01A	2.10392410055192	1.50991641391223	1.03908045222661	1.76342736582574	0.421241965413523	3.50255784050732	1.85340098703447	3.1239871068572	3.31390478103879	7.02949325979974
TCGA-91-8499-01A	2.64504218047069	2.36647303621977	1.7935407306917	1.74061147231521	0.464409329703937	4.28441326244226	1.68761625343089	1.83407829099021	3.52833047635302	6.06844004495569
TCGA-49-AAQV-01A	2.77768657815787	2.50317388347005	1.23229814076421	3.99644682207957	0.246133463744221	3.37859117990813	3.09024693978623	2.37560906930636	2.54934749597823	5.70475819147037
TCGA-86-8671-01A	4.56191730079848	4.38441876486461	2.84216559555279	5.13898906337616	0.911995167922341	4.94827370592829	4.75274280281947	2.67373035537494	4.02763903316715	7.59140328318724
TCGA-91-6829-01A	1.75500139714999	2.34927590819008	1.27052315296906	2.0399482428085	0.531676698119817	4.54152599563008	2.24864045084185	2.35026277353299	4.08457052665089	9.37155050364133
TCGA-05-5428-01A	1.58639983565623	2.28118616931665	0.977114719403299	0.848479385612379	0.11587720265177	3.58029905549316	2.83928263506894	2.21932462581338	2.34906300716453	5.75360341516701
TCGA-91-8497-01A	3.42640070100569	2.07099101041978	1.42103250682931	4.62433204901114	0.538749951885247	3.81557187731479	4.20046083172975	2.81125056116294	3.8700698385628	6.16553671173031
TCGA-78-7145-01A	1.73954777997781	0.467012579135933	0.685727892385571	1.70913358630518	0.0746839330957158	3.79275253585294	3.39364846727666	2.3907588659543	3.44561673232213	6.7324189414999
TCGA-69-7973-01A	2.27846334712065	4.53594892004403	1.18837410554045	2.77827119123351	0.961453279504197	3.40065045295479	1.81018147620616	3.10541318909091	4.07115776881491	7.21962841937964
TCGA-80-5611-01A	2.41238504867025	2.04364798285997	1.50264192182877	1.6310651043253	0.50855439022426	4.7981638555804	3.17212862077763	2.14890563485225	1.94220055839907	5.44535749161295
TCGA-91-6849-01A	2.22827825446148	2.21850218980855	1.7733079805727	3.7367840362793	0.38887845660882	3.75872360856131	3.28085056808169	2.76617959503431	2.98245459106313	5.68203837963756
TCGA-49-AAR9-01A	1.27607823581601	1.81880099148079	1.18705616763627	0.719938065913736	0.269521315425905	3.06624266248115	0.457564444339624	2.0422280746594	2.36053645571939	6.38689791877701
TCGA-86-8669-01A	2.75226194449927	2.02611506829952	1.39449419033544	2.71415815440756	0.360140940718935	3.68617479627999	3.64192911187569	2.55767741502756	3.30884769149082	5.3051199954013
TCGA-86-8279-01A	1.71449340740197	0.791049009241496	0.775355240439223	1.38446784033682	0.212104046424042	3.48760016059791	3.78186087152811	2.46156591281817	3.12414980014238	7.64049658964263
TCGA-75-6206-01A	1.94612217841943	1.52017702897215	0.995674159043811	1.38913579388488	0.294426278255901	4.32850792837059	2.91517900435029	2.65690159021952	3.89500086920752	6.41776653214744
TCGA-75-6214-01A	1.70453701703719	1.69536323665644	0.770545535112286	0.694665860900375	0.235099238958083	2.66850307971603	1.68316462128311	2.58290956881203	2.15778642520066	5.59194489198451
TCGA-49-6744-01A	3.31076667428649	3.44769436766871	2.06972930644473	3.17359283291165	0.656861708803866	4.24185906933528	4.63575113602337	2.68716962239429	3.8054083546476	7.57716857286165
TCGA-64-1680-01A	1.85041380991836	1.35845804574375	0.839702672127233	1.43370179012044	0.140669404696471	2.63129517576167	1.96626096386841	2.5827045730958	2.42554466984964	5.02502874755445
TCGA-55-8091-01A	2.49628102981127	1.28046600410022	1.55781259076178	1.58734740240627	0.766903846144805	4.48146992877681	3.94365934957698	3.28760634503128	3.43457282300271	7.755706021398
TCGA-44-A47B-01A	2.95966095327618	2.84589987686645	2.41714728237695	1.8266592701096	1.22340162583322	4.18077887380791	2.58158295401108	2.54035754155709	3.0187264454526	6.44787179472953
TCGA-73-4676-01A	1.3337439579887	2.06315675132059	1.20265909927743	1.10279728724994	0.251795334628859	4.01586143858749	2.69140831808534	2.64856782486809	3.34145895077511	6.10575566777048
TCGA-55-6982-01A	2.12837683955382	2.20847111167161	0.986373189944108	3.03479594294137	0.184931044240585	4.23342657183723	2.66955686001258	2.35310146419791	2.68208828907655	7.7086570639783
TCGA-4B-A93V-01A	2.0460827890148	1.67866359845312	1.53109299923159	1.83248321827682	0.568800264657593	3.07406308558966	1.32389997224459	2.2806225450679	2.34438348355719	4.96549768744404
TCGA-62-A46Y-01A	2.63581342027525	2.47915228187599	1.85182274468038	2.37674244914296	0.321971303790186	4.24201509571145	4.19280339593928	2.8810453390873	3.26955994429781	5.18748292315937
TCGA-78-7160-01A	3.23249339627268	3.75277648302872	2.246927782304	2.80610592930444	1.57653265249191	5.24189741953011	3.52530393156836	3.55659671507066	4.04610844012742	7.11434868250799
TCGA-44-2656-01A	3.0869246855032	4.4789387125671	2.74618620916925	2.7903439380749	0.870957521714357	4.96549962124176	3.68509581671091	2.42888687828026	3.27522523564381	6.38996934758894
TCGA-75-7025-01A	2.81170773927311	2.33495823138233	1.45045818797984	3.57590003732678	0.232468085650784	3.44537956397318	4.50752949520712	2.60933867404396	3.23184946228165	6.5701432469787
TCGA-L4-A4E5-01A	2.32875688999601	1.66935539547155	1.26134172810115	1.62922798415849	0.38632592535863	3.03369164783183	2.49014111684333	2.36440232057119	2.67163707647034	6.21738063978393
TCGA-50-5051-01A	1.80404795389838	1.48290632306665	0.950111589163252	2.84974207822667	0.21619331005472	2.62897596678103	3.40019103813239	2.97750209394507	3.09079919453507	5.62203626743546
TCGA-64-1681-01A	2.22448345753838	0.982785113056624	0.722826294241398	2.56811033920815	0.163420742936338	3.61351743544727	4.83741765721152	2.34765699044777	3.63479820422217	6.28262534831816
TCGA-78-7161-01A	1.36400809795265	1.13232228861247	1.10845307583882	0.950313069903526	0.252740116537547	3.08058480304501	1.43770959685736	3.17450801159389	3.65477572101403	6.47248108553502
TCGA-05-4426-01A	2.14624455458223	1.61964875480879	1.14443410169747	1.42216876363956	0.216300989951572	3.44079141595948	2.50889275351882	2.70291373620816	2.81641465027842	5.97554447039404
TCGA-50-5049-01A	3.92914195598473	5.1522681680024	2.27662097600933	3.95721775630002	0.610784935124493	5.07303728807253	3.88474937354627	1.79429293587804	3.49639123689795	7.65132176760919
TCGA-44-8120-01A	2.42038695974383	1.54772680068971	1.11705018410101	2.70168451249598	0.250218814000317	4.11354974635248	4.15403332077594	3.03383349832728	4.18880971490742	7.7804885408997
TCGA-86-7713-01A	1.93301937841477	1.58433014954753	0.89348499166051	1.5185472435015	0.535703477022138	3.73065703993717	1.34789770892389	2.85972491903245	3.48552602122958	5.37083971988074
TCGA-67-3773-01A	2.76743195020765	3.1041512120704	1.67786112023425	1.64431162718752	0.524795624779939	3.86330428719033	4.35703468367303	2.68067335841724	3.1692273034266	5.71067003111448
TCGA-44-A479-01A	3.69046389605241	3.22641329437616	2.61135381343444	3.86237461873209	1.54105296502551	4.80692912262222	2.63204357070624	2.34480478714864	2.88028099377287	7.05543974152606
TCGA-50-8460-01A	2.82061450872822	2.39695619811992	1.33784989662478	3.1739820218205	0.214178580090347	3.18827281820278	4.48053082895994	2.41223699647728	3.56363789270926	6.04512135336037
TCGA-05-4422-01A	2.96120393242441	4.14349369604465	2.22503346223695	3.01953245759846	0.690577161851583	4.2372141445015	3.19993906004839	2.40597224994999	2.59747278762716	4.25075215184977
TCGA-05-4390-01A	2.03705298368472	2.98000482200473	0.597165994624987	2.22602505035444	0.422592101846885	3.40388209689116	1.27260636961463	2.79415515667271	2.96064760780119	6.95780937429553
TCGA-91-6830-01A	2.90344301160525	3.04354538651567	2.13720900172098	2.66255718524787	1.10390095535638	4.77852209594492	2.27469986015012	3.79903319672595	4.67570540962695	7.14305930595831
TCGA-50-5068-01A	3.14374186235706	4.11070096076119	1.89536156984449	3.30790269325582	0.512443096083137	3.99111755488579	5.73113804565834	2.26254093433013	2.43827824124963	5.6805519094494
TCGA-44-7669-01A	2.67801281394402	2.57087271638133	2.24409129420311	2.76773640546123	0.615057894489864	4.56270739670669	2.28695631720863	2.87645018571459	4.073587060011	6.31987343140551
TCGA-50-5066-01A	2.88744334242197	5.05320781808586	2.01815915784086	2.89490423644857	0.572731353037626	4.30279686258816	2.6529995962596	1.76363310358925	2.4984185210697	6.85537950358554
TCGA-64-5815-01A	2.46854404564675	1.48087652159856	1.33004770343401	1.88959989574831	0.134305234894334	4.49381521937858	4.13918555978687	2.32600429655165	3.40237901890171	8.77209105241061
TCGA-50-5939-01A	2.27738533641824	1.41885248141649	1.03363339054802	3.40314899660141	0.468040455195738	4.68722583509716	2.145283292017	3.23515226848711	3.62328150524832	7.46052463165942
TCGA-MP-A4TA-01A	2.64683399021091	3.1524493390139	2.12281352943482	1.97690688672603	0.744332011086008	4.28999158969356	1.35409309981071	2.64420372851707	2.5106872855562	6.77637208515617
TCGA-97-A4M1-01A	2.32271589779084	2.23067690288757	1.41220751126133	1.23767523875454	0.403676396182582	3.42401852803381	3.56641038205404	2.84523819867216	4.10643214974765	5.68189257354378
TCGA-44-5645-01B	3.36254239438163	0.815496807834733	1.39084883607825	2.82383653606884	0.942104963242455	4.52917790672986	3.96602833876981	3.05747483972211	3.06586848580357	4.63896255744172
TCGA-64-1677-01A	2.69659145766134	2.68342897878068	1.55297155959515	3.11749406173065	0.248008003605045	2.89227363721542	2.44547284999615	1.96731562927167	2.23841363189474	4.97403393943331
TCGA-44-2662-01A	1.70024551661494	1.15542095718564	0.903030401367629	1.75359394787424	0.284183591755041	4.7250033022482	1.54488915137629	2.58589196815403	2.56260904492436	6.98747367563622
TCGA-44-6775-01A	2.69158582607832	1.64978147660746	0.977109485773515	2.25512056242266	0.387222040465542	4.67725618015195	4.37906244059223	2.73878676639109	3.13618733107162	8.07273063993282
TCGA-38-4632-01A	2.7172823338134	3.05009504295298	1.50511515989894	1.89241308249343	0.261795707701122	4.32149700609048	4.17582196996561	2.43240435141926	2.45752042167172	6.60462040275419
TCGA-55-8092-01A	2.96734701314045	4.00155762113944	2.05900885654107	3.14582107945755	0.729569403242137	3.63095442215576	1.41812144670846	2.04137381751228	2.52423851627206	6.93238485605899
TCGA-MP-A4TI-01A	4.14875363969193	3.64275278503597	3.08412370197946	2.67799648246534	1.19621164306326	5.3902741565056	3.79271308500104	2.41176661006249	3.3775627652194	7.89732020595491
TCGA-05-4418-01A	2.57365293681189	3.00242801986994	1.64001159101556	2.60455643067668	0.624815971729786	4.19115820985903	1.56676947182881	2.5377750247194	2.1934309047045	6.20429962688124
TCGA-MN-A4N4-01A	2.15702369331046	2.17976337817727	1.06588297685702	2.09920425169467	0.366553574893506	3.49336703904037	1.14956654396384	2.10005128246222	3.30296743894974	7.98985286387062
TCGA-55-8507-01A	2.07875476608563	1.554718335971	1.13397055642395	1.58071881126033	0.385487285031829	3.58835852268574	1.66011972309965	3.10989741370511	3.63434744630796	6.53989487267135
TCGA-86-8668-01A	2.94096428918334	2.10174800474292	1.36294495157495	3.39828818549286	0.364642574303204	4.06210553658228	3.94786634001229	2.6246193067277	4.16645428068994	7.16775386275609
TCGA-05-5425-01A	3.06666908471447	4.96150356942964	2.24846034752147	2.35864652551431	0.784990160701827	5.14079458925979	3.02359610740889	2.98994439372074	3.14540947699619	6.50027001683497
TCGA-49-4510-01A	1.92418752776347	2.52235174536386	1.17410373892831	1.4281289473354	0.594720962072334	2.83455185524315	2.50562314923144	2.40010320172846	3.57511189139977	6.17914865479966
TCGA-55-6979-01A	3.45140929460814	3.71842204014151	1.98687038030997	3.09906768779003	0.755252293187666	5.20298398663483	3.33311508721725	2.20277558619328	3.396354290977	6.98535077838052
TCGA-78-7158-01A	1.7269608750177	1.2551983329939	0.594075864479101	1.23067706301219	0.2406973568608	3.06902353180465	2.89376173213613	2.36469823799443	3.26082149279058	5.4634954455501
TCGA-44-6775-01C	3.02277272285702	1.44624161793057	1.79891372798376	3.45075877565445	1.08019612157138	4.77235331713835	3.75675360704845	3.17694686280508	3.54213609013271	5.86049312869964
TCGA-97-8547-01A	2.27331198858694	0.784766740233006	0.713987643488954	0.929850629132725	0.209572253339312	3.81494802184509	3.94109988397254	2.46024824998218	2.89537761919955	8.00291732793426
TCGA-78-7153-01A	1.54005904159877	1.716587702441	0.995713217604188	2.1847983212893	0.196328507614451	2.19914299248742	2.36194507014413	1.80297782425425	2.55035466177983	4.76872291915448
TCGA-35-4122-01A	2.68637280218905	3.91939746624382	1.85000180939161	2.15478252616284	0.692637821672455	4.78181172588499	3.12650185342381	1.89969946227836	2.47597861255697	6.78599709501744
TCGA-44-3918-01B	3.44852899419531	2.34238917998302	2.63253898952216	2.38458581369819	1.44541301067147	5.04368399745529	2.05902964237195	2.77989899235187	3.49774448877542	6.07408917138971
TCGA-49-AARE-01A	2.10471287084852	1.85799276113931	1.26113629308059	2.71850182111735	0.470705787588454	2.95765591640146	1.940596157031	2.22168920068559	2.18799912022576	6.55938538106192
TCGA-49-6761-01A	2.63673566692153	2.3562101279984	1.82366318961233	3.12189643718061	0.791152617543612	3.83075916606314	2.38328962757658	1.99618302578161	2.67348599062713	6.61906727397713
TCGA-91-7771-01A	3.43470253131393	3.15637542167855	2.04140464759226	3.22535113402311	0.755765628419527	4.47289153594343	3.18581726381509	2.7473695425257	3.83727469582637	6.2537493674649
TCGA-69-7980-01A	3.02654768659169	3.13188083276583	1.89158261171297	2.2760890807158	0.686520927413776	4.14339088898636	2.57584621107573	2.23306361241589	3.20113603642998	6.5627953419368
TCGA-69-8253-01A	1.90962001450117	1.45554960384972	1.52022921606664	2.93407260585821	0.340375840107525	2.78590295430407	3.05653168549012	3.09125661831446	3.29111795418186	5.39874530993558
TCGA-95-7947-01A	2.75460397754922	2.53721442705264	1.66691481093349	3.03817817550953	0.864330890862425	3.6588868180624	2.29848737267959	2.44004907414309	3.34407264361509	5.54643852546258
TCGA-62-8394-01A	2.36377334247761	3.76969893948668	1.05170610347114	1.65680980484869	0.32057953660076	3.34343341355883	2.24200025916924	2.14419796417531	3.33869267062464	6.43579459448531
TCGA-55-8616-01A	2.29526062579451	2.17552870773432	0.878041749783699	3.54949081233942	0.212644944571539	2.80280780048931	2.15198433804342	2.15870405065006	2.90081855134156	6.1683207935502
TCGA-49-6743-01A	2.49620467400019	2.30869029550571	1.65084767726153	2.8342108667337	0.999025286476076	4.41620921224892	1.99416704629163	2.81094830608817	3.39395852168703	7.68118772600924
TCGA-49-AAR4-01A	3.69636032330936	5.25845682711629	2.82488982902184	2.77685282819255	0.617424855340798	3.57453715277398	2.00207375832853	2.10859445864711	2.68942026475845	6.68740545243392
TCGA-38-4625-01A	2.26387346537994	2.28948151300995	1.59540703377674	2.549400919621	0.784423323809221	4.37580836253342	2.24967511088966	2.18289413170835	2.6975919559579	6.51571590310345
TCGA-05-4417-01A	3.26499812634817	3.1092828075267	1.81455229768432	3.18573676852503	0.444041676062166	4.42160550358442	3.67388752827692	2.92897800813445	3.98758526311302	8.17130728215914
TCGA-50-5045-01A	3.52800169948773	3.68971981389861	1.89785717796212	4.14660973782695	0.485707281949002	4.62210170196655	4.91178753112408	2.19890662544083	3.61672497054895	7.53288128986268
TCGA-97-A4M2-01A	3.12357342812471	2.92927968336207	2.45217786667752	3.27029430394819	0.953314349384458	4.65105446839227	4.21082789492503	3.20880574576531	3.91928818803221	5.69667381613464
TCGA-97-A4M3-01A	1.77525465653173	0.941731955374008	0.734160344131218	1.61470280936727	0.117246432092321	2.43336217500855	2.44974562941836	2.76863347793539	3.8385486436324	6.35657043256903
TCGA-44-2668-01A	2.58142727788413	2.83538779719527	2.02468227348514	1.68510503843013	0.737144053391498	4.25893572017356	2.62473768437457	2.62648717550698	2.73904232124065	7.88686836822179
TCGA-71-8520-01A	1.96876679565587	1.39893468634642	0.935918312373435	1.27561051713541	0.242373259888321	3.84090089553568	3.06305228764246	2.7780301844442	4.03863736189003	7.84896153222111
TCGA-75-5125-01A	3.10425654027808	2.67474675582143	2.32727539750746	2.1716447802696	0.81643334462285	4.76126623198155	3.4880497564683	2.54741819266243	2.85962950140269	6.84531364633166
TCGA-49-4512-01A	1.60223384803414	0.631295160003713	0.500016539938621	2.53213398768049	0.159175436114901	3.45715691716288	2.80692959974446	2.21145502387974	2.54176562117793	7.14632587975426
TCGA-86-7711-01A	1.65246133345177	2.08072918774793	1.16980083744061	1.44178045435167	0.592229714663435	4.82424829556652	2.10838202575796	3.09466651253632	2.61647411097484	7.18535681144558
TCGA-44-2656-01B	3.18195063559952	3.39332274694997	3.24096511236596	2.08216546824237	1.22748433807801	4.98107293465124	2.86637407210356	2.45707345523535	3.27747818166501	5.45339530222548
TCGA-L4-A4E6-01A	2.63592716005677	1.9474360245684	1.92512582671852	2.57478464950695	0.752932899475994	5.62741851773314	3.42452184011933	2.86779646397649	4.48099923207696	5.94666414357187
TCGA-49-AAR0-01A	2.94080829267901	2.27569516563723	1.29425223007432	3.42858166414438	0.256041445711682	3.78630281184599	2.98156807633003	2.70865482350921	3.59874101877972	6.05410089323951
TCGA-50-7109-01A	2.57730435526986	2.65839721260093	1.82088921663393	2.45637361260922	0.701874133432627	3.52117648175587	1.75239180015201	2.63461993304157	3.41837229896714	6.83570148960803
TCGA-L9-A50W-01A	2.54556381726196	1.15558592680047	0.650071566378743	2.19967544489468	0.15654143387335	3.58922631462963	4.32770799566943	3.00870064149561	3.47736554197916	5.94419350828144
TCGA-55-8094-01A	1.01493671526296	0.85122339177952	0.638586496825128	1.07028814060635	0.198286236697884	3.19867112450947	1.23097643927103	2.36742238005568	2.54736693587625	3.4325568082667
TCGA-05-4430-01A	2.59099426033798	2.55196176469992	1.62656292772363	2.16658047193118	0.464946441674378	4.48943079903829	4.44401500485331	2.8763489306522	4.11000802128865	8.13073407446694
TCGA-91-A4BD-01A	2.23686183951292	1.01103340273499	1.3107856387476	1.66344472942674	0.24058417660707	3.61452252589798	3.15982688346959	2.54799888423594	2.62161762356104	3.82820265492575
TCGA-78-7149-01A	1.25340807658571	1.20144132112061	1.20483031202815	1.6121642667567	0.305432432147079	2.28314136565787	1.70622921272894	2.51160537721874	4.3717248945755	5.49589090586112
TCGA-55-7724-01A	2.35478764652295	2.65876258583345	2.13803991154424	2.99951419172254	0.811393995011685	4.25262334120973	2.57262799868473	3.09350675639418	4.08081432527207	5.60953091288997
TCGA-50-6593-01A	2.07022504910766	1.41734969584624	0.795790266838667	2.16215652668066	0.131406625811547	4.50782590466336	4.06019554935262	2.69450494209221	3.3760107915	7.74327807785659
TCGA-86-8674-01A	1.4358928983712	1.16032496060062	0.8488705134873	1.46782813703299	0.18893009965205	2.78407718109452	1.79595955000013	2.7356605062152	2.73589929965003	5.72389064563314
TCGA-49-4505-01A	2.49118511462096	3.48223635681042	1.52992202728073	2.72708700941612	0.391815069307245	3.77407412147044	3.91938926042924	2.33327857750515	3.2206864853314	6.40102025594886
TCGA-05-5420-01A	3.28277969154628	3.72390129590801	2.17467278631454	2.95401290744287	0.642023716845688	5.03069660722466	3.50753486381546	2.55487495119049	2.10059079578265	5.85110477009276
TCGA-55-6983-01A	3.23367007762979	2.9907478944107	1.66189793690189	5.02797403082524	0.412538072374233	3.58896344045353	3.97348319311032	2.68791063082618	3.47576663857863	7.21732076879105
TCGA-44-8119-01A	2.67380624706509	2.21142492516356	1.83650105234605	2.44819492175068	0.584235498116811	3.84510011532684	1.35245697744338	2.95404879057302	3.51940825069995	8.3575512336788
TCGA-55-7994-01A	3.33566124515332	4.21748508988077	3.14648419421214	3.06201411142187	0.920468866739455	5.09602853377877	3.34164624551393	2.56583141199291	2.66587581409233	5.60297901334123
TCGA-55-8508-01A	1.92041467651852	1.74626546330004	1.22050292633976	2.9763299163359	1.57988531932454	2.83241938115503	0.912600312287081	2.61051800414957	2.90097030006431	6.57839895169986
TCGA-73-7499-01A	3.40777160480767	4.67775392878336	1.8488437723464	2.6704698222469	0.455378001913534	4.00229598736117	3.7733236139009	1.91790842123137	2.69967821789489	6.17037281779857
TCGA-50-5933-01A	2.50320331296136	1.95922314732043	1.41804661891341	1.29977542257737	0.320865866062036	4.98116688271257	2.59484942556116	2.10931323248165	3.47627910384986	8.42054414327256
TCGA-55-7573-01A	3.29628709810629	2.24073398936292	1.52490261055613	4.5453146298713	0.45826640722389	4.05719045733437	4.78492332238354	2.97974497782769	3.58267641955431	6.39923683437125
TCGA-91-A4BC-01A	3.74804206554459	5.2940821155426	2.6657888689771	2.50500970008893	0.819360827640488	4.09167726667441	1.4519325031203	2.0899971196821	2.91629467083354	7.39303696364264
TCGA-78-7220-01A	1.74549888532044	3.47733947918643	1.64166262400687	1.0893279797353	0.449421310899558	2.98597657546317	1.5183209910576	3.2614374085157	3.545620084062	5.76014496125745
TCGA-05-4382-01A	2.67135601527293	1.87895470044755	1.18134386137258	2.71458497519823	0.467073899217544	4.8287592135228	2.09212944956599	2.3323620489855	3.26760832756232	7.8585546493533
TCGA-86-8278-01A	2.54033181612286	1.65554041647166	1.65715242546154	2.5148152585746	0.318498207779317	3.88228646031808	3.25899218968313	3.16641136834819	2.80651905180567	7.38924621904444
TCGA-NJ-A55R-01A	1.85526653069854	0.685439013245398	1.10451988239615	3.82978911604571	0.206993911408876	3.13166095898531	1.57722271361363	2.55743273056632	3.08862999681346	6.59725062951146
TCGA-91-8496-01A	2.19003781076966	2.26598825009195	1.52700119330736	0.904838211785581	0.370534196310513	3.74562117722742	4.15283810890653	3.02149405646512	3.21216857176745	5.28566616103753
TCGA-MP-A4TJ-01A	4.33892373483165	4.06639401381637	2.85280296751817	4.72795784616225	1.13494354853758	4.67736145158843	3.03855916221391	3.31015764395026	3.65634935385969	7.60788235256836
TCGA-69-7765-01A	2.47349799651192	2.03957339374342	1.78439587198831	3.17998258818058	0.333456113024342	4.08580814211952	3.95127252511029	2.61935370217394	3.73391179801335	8.17122368337998
TCGA-64-5775-01A	1.00121268399116	1.24003408795194	0.665098885025997	0.426752214840558	0.159036186572168	3.75326178496664	1.86304191421904	2.02376155530591	3.23694660026068	6.9395410774537
TCGA-44-7661-01A	3.38212774299362	2.35364880906432	1.64946330047917	2.1081921582813	0.432271863249176	4.90856258193554	3.83283850958574	2.65588283860571	4.58500145810083	8.01451432684048
TCGA-49-4486-01A	1.1422955547657	1.28735766641098	0.843381206241355	1.39341447890669	0.0711712120681705	1.559017175229	2.1993984012153	2.30132892493638	2.37066452616289	2.99847141889719
TCGA-05-4427-01A	2.43021254584878	2.78043118370585	1.81612317725247	1.61592329796383	0.502027937028294	4.34188973894379	2.68585947760517	2.44950195354442	3.03016291867849	6.56447198430578
TCGA-MP-A4TE-01A	1.35246279299292	0.774453161093762	0.548611063848121	1.51276762596591	0.113023456492003	2.02511754745332	0.999517162423906	3.22668985266413	2.44470543855987	5.16661555484424
TCGA-38-7271-01A	3.84879092961508	4.18400507763979	2.15235508278972	6.15907802700092	0.63088112223583	4.20325528508518	4.19422104917787	2.38263315812448	3.78961262633896	6.93929752649496
TCGA-62-8399-01A	1.97282150906751	2.02598685763167	1.50970490084341	1.73146870117588	0.247009929252017	3.70205378391664	1.87562659188026	3.34253977205584	4.17901682594285	6.93116573671232
TCGA-49-AAR2-01A	2.24772270041803	1.75023693413868	0.942095828659016	2.26491127178354	0.27477281549786	2.85134146306085	1.46610799457094	2.12473155008063	2.02593071226747	4.58253960982848
TCGA-86-7953-01A	3.01212994182523	2.23251452698137	1.42032321009055	2.90348765249729	0.303106272071191	4.70882215480784	3.7009906406703	3.03934749483851	3.33245715413792	6.42639389481619
TCGA-69-8254-01A	2.49509532764115	1.80716950663898	1.25970450432466	3.13113901266052	0.532208279670111	3.58613717288327	3.18964174513169	2.89055371681344	3.38662589603742	5.4472561846634
TCGA-86-8055-01A	2.4352629624973	2.01621854899692	1.22377842807153	2.70558018803297	0.25182900052948	4.30644665015121	2.6789336193765	2.46707197676384	3.66092104603671	8.57109205575139
TCGA-55-5899-01A	2.58786715204587	2.59379905552344	1.81616927207476	1.4766270631612	0.452408479184532	4.23356700393853	2.00097978241913	2.15701277572719	2.82012954805904	7.06317714925054
TCGA-78-8655-01A	2.57537270080983	3.30949966265605	1.77714367619047	2.21454717987767	0.415743876133552	4.11039390072441	3.41905356565837	2.78822074552118	3.74854446719629	6.40750424879296
TCGA-05-4420-01A	1.38432498590331	2.44068869700653	0.816735943931908	1.61054016035246	0.212940805796691	2.98198420661184	1.66008320207779	3.30654879315135	2.92306290772815	6.45704809940478
TCGA-49-AARN-01A	2.3125277289537	2.40553547389305	1.41048078567348	3.93930773254815	0.28146293778444	3.18912381607959	3.81475351371605	2.54260008520593	3.32373934550228	6.72666963835136
TCGA-49-6745-01A	2.9019975047843	3.31542780022791	2.24394907712802	2.03873193709277	0.516934605787129	4.30407613497917	3.8706331739028	2.86376506016423	3.69665159571451	7.31182412056257
TCGA-55-8505-01A	1.39338576510304	0.936323090762119	0.667555346217684	1.57396565142337	0.354172345593736	3.45737703936956	1.15036775944835	2.93540695613518	3.26431924167201	7.77612455486647
TCGA-99-8028-01A	3.94912465553505	3.99520464531337	2.40286394334124	3.29953020880637	0.70528013333071	4.8643451655888	2.8466100433133	2.08027453872422	3.40656525064764	7.64101991514205
TCGA-38-6178-01A	2.39013175784279	1.43595778950852	1.17235583074634	2.91464800711616	0.374526460463041	3.63799224286906	2.15386501946656	2.72052428347171	3.70589279676286	7.8806037023428
TCGA-55-6987-01A	3.2950682746498	3.89932045464511	3.14061861232577	4.35015235277668	1.60594642436295	4.85664059282634	2.3595110745896	2.57253248152603	3.09439936658361	6.31737742139351
TCGA-49-4494-01A	1.82919793652213	3.22436556199044	1.4788573736699	1.18666017708568	0.167664764402208	3.4277375977476	3.26828918723623	1.82593647915944	2.63572260240086	5.75095730838725
TCGA-55-6543-01A	1.76956654060663	1.53815846726212	1.06773199982617	1.64712281663924	0.265612227325581	4.01992126156551	1.93778357350492	3.44398990002299	3.25358929295184	5.87141358898675
TCGA-64-1678-01A	1.77935998124266	1.54062522844288	0.817915080327704	1.31527798050069	1.14689732833855	1.56511122623374	1.99042164112725	2.20692566889738	1.72179056400761	4.71230164189816
TCGA-91-6835-01A	4.34002226207477	4.96281379126285	2.70723225390358	5.32559487870166	1.0064843095818	5.52927637694349	4.44559646034173	3.35304796931943	3.96807041417212	7.13002543143868
TCGA-S2-AA1A-01A	3.53430491765037	2.61609167996709	1.56401021439756	4.50093540806274	0.533224163560153	3.60234630631041	4.29654958686371	2.26783907940358	3.39942651421147	6.56208222613274
TCGA-69-7761-01A	3.51119397768072	3.38903663482947	2.2174288344999	3.14778243923748	0.789093689349568	4.56290022060024	3.49931626581187	2.77799557246366	2.73162059299862	6.46854820677903
TCGA-44-5644-01A	1.5235812782896	1.93734422725808	1.27640297967763	1.83825198162217	0.222121254853886	2.52830630583896	0.766435961617135	3.05827281574059	2.74118395282301	5.31478867593034
TCGA-49-4506-01A	2.1351244138684	4.35508431996361	1.75131420381515	1.91089775412298	0.424730147644901	3.41219056012025	2.47392777273939	1.75853320578355	2.09022571117502	5.50499656267149
TCGA-MP-A4SV-01A	3.63975383759369	3.45559888547483	2.36704283041667	3.15055652497787	0.899184379410535	4.17209966302967	2.89214979004279	2.27207816514229	3.34674837467409	6.84882521243084
TCGA-53-7626-01A	3.52897138257601	3.46817598115789	2.38198388028669	3.95463117994902	1.00697934262917	4.47308990501849	4.49369589889431	3.30020606245167	4.21935154233861	6.59749186109334
TCGA-MN-A4N1-01A	1.47570406513996	0.636104847528136	0.429208797357816	1.41931939933889	0.128870711507685	2.64387515758453	1.89804302874035	1.89467306213973	2.39672546420461	6.20151692778748
TCGA-35-4123-01A	3.56436717229513	5.95497484039691	2.88982007859136	2.24701171858859	0.647819684731634	4.31405016774294	3.54389638090519	1.81937281653559	2.23258929820899	7.44352006624464
TCGA-55-8621-01A	3.00778693359964	2.22973063022069	2.48985293776545	2.71231581188709	1.18277757655578	4.57710882487628	3.42007385190189	3.0947852959966	4.58981298815475	6.91543142540788
TCGA-69-A59K-01A	2.6709893272017	2.5320847052286	1.65989716452042	3.04391083416628	0.440455020653496	3.84571098241901	2.77735341987976	2.6481785094405	3.13996215817544	6.22371742575109
TCGA-49-4501-01A	2.67630326019341	2.72865262053853	1.30328235825409	3.55629762768462	0.320517545118111	3.53071710281916	3.89074322975449	2.17487827732394	3.32009719020988	7.1124610154268
TCGA-44-2655-01A	2.41117287707436	1.46721351490497	1.11954022977291	3.32108391813345	0.250165613795956	3.63816195317549	4.61513380603007	3.04920300889278	3.69332309214975	5.36549720134242
TCGA-05-4434-01A	3.22804723481196	2.97953645480952	1.71599389871256	3.37232254238754	0.506658019933743	5.22115916886251	3.73628947027828	2.95009100061857	3.25721408497276	7.06276333815555
TCGA-78-7148-01A	2.0989806627631	2.8350860807711	1.81688211076418	1.3010063143633	0.365814368381455	3.58897311383176	2.8411698847224	3.17456752412553	3.55935028608821	5.83070091533724
TCGA-44-6145-01A	3.29305444117588	4.06129650710551	2.72602453405384	3.89786356839977	1.3694938012145	4.90054783999102	2.14924527930317	3.38262893961044	3.22274712039764	7.68755825662592
TCGA-55-8615-01A	1.48391850449928	0.409063546425587	0.508479109982438	1.25201982431197	0.235562745852836	2.99358794238399	1.41858591888932	2.77329714104201	2.97618335945715	5.84330825561834
TCGA-38-4626-01A	2.05809738112808	2.09441528945493	1.39304774492114	1.39961055082313	0.687269680999737	5.32323205742146	2.67335657347152	3.56563961458535	4.8990086385806	7.26922169857464
TCGA-50-5930-01A	2.26487549097195	2.74444489752975	1.52905766605608	3.26759034949851	0.497259294558877	3.86998802126829	1.60785682764163	2.30620377542262	3.21839939350113	7.53816722695255
TCGA-55-6981-01A	1.87372040445595	0.639650164364882	0.639133314451592	2.99226206830628	0.172940838290055	3.44421370148712	3.90569923018671	2.38899291416286	3.23244891339458	6.41086333199728
TCGA-62-A46R-01A	2.84565742197685	3.34663238528539	1.51553292656042	2.65816747820313	0.241017724696659	3.91458617788954	3.54202983951642	2.64283917152404	2.38857086880143	6.05180720540861
TCGA-95-8039-01A	3.13505830938624	1.60040025302165	1.62651879699989	2.38193753569071	0.420321087389547	4.14286802027132	5.05732362602512	2.75082617616418	3.48955059910433	6.14298186669583
TCGA-97-7554-01A	2.21944073533425	2.26640273611386	1.39997269708138	3.0364323683806	0.274067831007837	3.98645647970344	2.319043638604	2.31706358324028	4.01430273915587	7.89810687931659
TCGA-67-6216-01A	2.41259964495335	2.67544858930138	1.365334710733	3.53039831347715	0.194701650126567	3.75767663631568	4.27859411694022	2.64726723483906	2.36102485039658	5.18863871939233
TCGA-MN-A4N5-01A	3.16821358838994	3.21645496662104	2.85320153735986	2.50714972682605	0.670006347022892	3.96397001251033	1.98968465765575	2.46313709885097	3.1712186971549	6.56143436041111
TCGA-93-8067-01A	1.73492743869833	1.09903918028931	1.51407397548763	1.5187660385303	0.535473749024237	3.65257994833057	2.82439307800278	2.64636563099251	3.11921537047731	6.2374328341625
TCGA-97-8176-01A	1.69953967470084	1.73319795738546	1.08724267371874	1.68374049422756	0.231487111263072	4.54198877390459	2.02348028105108	3.28925301248895	3.30991600062789	6.07016830074531
TCGA-62-A46S-01A	2.22888330208384	1.99955874596109	1.42673839246252	1.7726234634612	0.654429026957798	3.52073787858446	2.50998689052182	2.71907237885416	3.51374309835341	5.30700699025282
TCGA-55-6968-01A	3.06303108195071	2.92285674583002	1.90265814464227	3.0809147389382	0.844369196451143	4.4091645627938	1.95148422754283	2.16162927416894	2.8295132917015	6.21097668675258
TCGA-44-6147-01A	2.47765779183182	2.12705517359293	1.20052902858352	3.77565440835944	0.360394060262838	3.57452381531535	2.33669345495222	2.56263639541345	4.00840241625722	6.75229004840607
TCGA-55-8514-01A	2.14089641400881	0.712815331995683	0.795250821019122	1.6540606554615	0.186081998143992	3.75576473516628	2.16182643979201	2.33721751057611	2.70459448937487	5.09707616264463
TCGA-55-7911-01A	3.58494448409057	3.39875905768247	2.74606068956366	2.75522149918631	0.825015002286659	4.54954586057621	2.44783824678979	2.69767936063075	3.16763869474135	5.97185070641522
TCGA-73-4658-01A	2.91778421500258	2.33573962356531	1.55669185294331	1.97261010099995	0.334576204243901	4.6650446715358	4.70335495088632	2.80590174891624	3.95407520492078	7.84846942162731
TCGA-44-6778-01A	3.99797171275634	3.62598356750518	2.70441747891465	4.25633570943352	1.2275879940433	5.52381378079452	3.51694190481279	3.27339284806743	4.70017716790211	5.80747175804537
TCGA-62-8397-01A	1.44412715577735	0.922247945272943	0.449432625356538	1.44177631639529	0.0598435914794899	2.56898626606635	3.329464638564	2.11404436379203	2.52997663321559	5.13778289102264
TCGA-50-6595-01A	2.34549071766754	2.37321361454426	1.92982011839591	1.01618814472021	0.797302823796173	4.47386178445725	1.69348667110371	2.19879360157597	4.42801579264567	8.69212119999117
TCGA-L9-A444-01A	3.67378728260116	4.51871885097887	2.89225556594522	3.34780612384039	1.05528127216294	4.11107973457525	2.43239899386046	1.94771622229294	3.24453645093848	6.74040463008226
TCGA-64-5779-01A	3.08397350309999	2.62286990136491	1.29651474759625	3.56776581663709	0.428069762750328	2.75932779123958	1.53021914316047	2.22583649193255	3.44806653657801	7.15600962377286
TCGA-44-7660-01A	2.22398186378913	3.72039732087745	1.26866447127508	2.14931584797127	0.371084043316331	3.62671904289393	1.07038454211386	2.28977385488791	2.13742558969369	5.9654003341742
TCGA-44-2666-01A	1.30354368942451	1.7675838874056	1.04757641880337	1.86805618713593	0.206770170082827	2.57067632946289	2.54360063051084	2.49418525635463	3.17083277169569	4.97667916470755
TCGA-44-6777-01A	2.76488797492573	1.84989825163633	1.42128332013674	3.15093455801777	0.369691453248332	5.18590725484725	4.80275856358178	2.45507215731258	3.96579697490645	8.44945391635686
TCGA-73-4675-01A	1.81942726756295	1.42509537345445	0.936069160696974	1.93296827860222	0.135142934468311	3.31783945207282	3.64457090921704	2.39005128182337	3.03954361651029	6.90094280013361
TCGA-55-7903-01A	2.54112174804053	2.53536775092191	2.16456062694696	2.07058941155817	0.98508544859275	3.77602485676665	2.97044428775891	2.36088586600363	3.01476200381176	5.54546518620707
TCGA-97-7553-01A	3.15283798132589	3.68034852304452	2.57689348229919	3.57142146384121	1.0897790600165	5.39148848194128	4.41983875552541	3.89024288115861	4.49245794026629	6.63637042109563
TCGA-78-7147-01A	2.3867220649097	3.09362927775138	1.22273945802464	1.14046295369008	0.247170068016065	3.16756650752215	3.37213404603221	2.21128313328531	2.53388644583601	5.24945600906141
TCGA-99-8033-01A	2.75202119511694	3.38601285280455	2.42884390622337	1.91080601623565	1.26916730781319	4.28266927613926	2.29750349169314	2.95478413535499	2.85630406665495	6.7713557641272
TCGA-55-1594-01A	2.4712810532321	5.57261959702714	1.72430066975001	2.68029692723112	0.416346456078642	3.97439402077293	2.2801731927665	2.85653731779128	3.07166399707245	6.13613593402582
TCGA-55-6980-01A	3.10813589066905	2.14504792614184	1.48581058211166	1.37461335951013	0.209965972516347	3.72863889320771	4.60107583597976	2.23688393548561	3.28934430682761	7.67233013209277
TCGA-95-A4VK-01A	2.91106503547294	2.69732817344667	1.89655400094647	4.12943760847587	0.480821723324871	3.56223861032209	2.25467563393885	2.85675157185087	3.3548393268624	6.13779098663526
TCGA-55-8207-01A	2.50901145439844	2.28975097186351	1.34683114116232	1.8333699052213	0.19103601387051	4.20258911443756	3.31314188623629	2.945386067606	3.84282180054273	7.48217135448006
TCGA-95-7043-01A	1.15240064675487	1.36967612633135	1.22437594071782	1.36641473828123	0.103023726175863	2.21602456093383	1.49266218985081	2.34257821191733	3.12550737741711	5.45415327828889
TCGA-44-7672-01A	3.10772134149383	2.52529411285528	1.68163456339141	3.99596413300098	0.602419857173821	4.06739325549568	3.05718711716005	2.02417004396345	3.05507046503621	7.66685750173449
TCGA-44-6146-01B	2.37009159849123	1.47384272078138	1.45801398495475	1.19609767318085	0.807545042347754	3.55482947996293	2.06329529694146	3.03979358704853	3.66625041444896	5.60966300375438
TCGA-67-3771-01A	2.77143321122034	2.88674333888238	1.50789243419684	2.92673167421969	0.528493659447884	4.48589609091983	2.38212108141172	3.00355127855199	2.91900866729917	6.40557466934253
TCGA-67-3772-01A	2.19250044456633	2.13734450363254	0.985126043144214	2.72943382405635	0.142406217469043	3.33570246942584	3.98634082188846	2.33606976414958	3.09787264672265	7.05297594879016
TCGA-97-A4M5-01A	2.47957887690122	1.80824212151753	2.04438051241774	3.11673256381963	0.906173870135949	4.38238143846339	2.48504291941575	2.88816743297239	4.3846333979162	6.9069695218415
TCGA-53-A4EZ-01A	1.76774665310744	1.74901684390645	1.02630828222703	2.55538073505821	0.305837114557152	2.94566472058768	3.14043621977773	2.47972180282678	2.05637562011676	4.73651064354999
TCGA-99-8032-01A	2.40278217362094	1.77546288629715	1.11217080332893	3.17694862870189	0.284638799452031	3.0436135272326	1.6694582656468	2.59567104408602	3.51668785957771	7.56740811820369
TCGA-73-4670-01A	1.08297936474093	1.17468149134705	0.735204794506872	1.317195834978	0.330541770443901	3.53546820003297	1.05195267620853	2.81432234504123	2.51237150628062	7.41933239364953
TCGA-55-7576-01A	2.47694341982824	2.51627208898284	1.23587223051297	2.56352201066773	0.231304319310663	4.03070192276091	3.75333116584578	2.66317785293772	3.2940705086432	6.5602084423693
TCGA-J2-A4AE-01A	3.09331011848845	2.24099852320798	1.44985985498437	3.3150093230104	0.353374461165901	3.25029821223692	3.1816393588252	2.76005769174812	2.91789163203639	4.46494922608887
TCGA-93-7347-01A	4.06338843170006	4.08182167922057	2.23361734129229	3.2909233053814	0.517653221157972	4.29772688164892	4.78497381071098	2.58760097424717	3.24453764604921	6.9728922131998
TCGA-75-7027-01A	1.76695362460565	1.55247992298551	1.19923246091484	1.45789636799148	0.453552234272111	3.95542817636372	1.64091563870551	2.72546430530153	3.15490074138641	7.90398913552143
TCGA-62-A472-01A	2.72110851823326	3.10667273992829	1.85502828002282	2.22730130002688	0.361057965557647	3.95428632756664	3.94010095643991	2.58716921201505	2.97449092646339	5.99609142297767
TCGA-78-7154-01A	1.80835073680975	1.74119310957325	1.3810890917406	1.56968279768612	0.450603970343034	3.48052619245644	2.35099613834362	2.5764055964418	3.45815221274895	6.11171686491151
TCGA-50-5044-01A	1.99074491354095	2.49413834101421	1.60829015241788	1.0952631748585	0.460533079309586	3.36729927665473	3.04674998365121	1.91283254859513	3.41002252742405	6.81098315803501
TCGA-95-A4VP-01A	2.68206218340496	2.91129604036562	1.56022456770223	3.78699016106766	0.319617079950594	3.17478104662322	2.11892050067665	2.79565624400388	4.19127986836053	6.21253979577104
TCGA-44-2661-01A	3.64542538903012	4.17164121739983	1.92060313970241	3.62704663437871	0.58820859931989	4.69886905080367	5.16210591328356	2.7139366260592	2.93138839162213	6.4922650975511
TCGA-49-AARO-01A	3.0484572773297	2.71248566876318	2.03370254616549	3.73586839147404	0.434112988818621	4.10214598768822	4.22935620764538	2.38822049159764	3.45505950922728	7.33024627005612
TCGA-91-6831-01A	2.30337322554016	4.2567656947298	1.29969034029032	2.21757586038211	1.03824395608154	3.98684165814128	1.79707848347127	2.86612400703128	3.12729496925034	7.67528513795769
TCGA-55-6642-01A	2.50495137377523	2.93593260598617	1.78721088564029	2.65471044516924	1.1667751547913	3.43489623308835	1.15979329338817	2.50893267245759	3.39106586967926	8.27442955830971
TCGA-86-8056-01A	2.79657444464877	2.2094022532164	1.60110851410343	2.84528886083544	0.566296778050288	4.3151977842734	3.83994097769266	3.49928142948518	3.95730710217044	5.79299339202082
TCGA-L9-A5IP-01A	2.05513726660756	2.20054983735356	1.476408442961	1.10348344995946	0.708973246216782	4.14895248856749	0.963692336017983	3.30283769402097	3.06454015865598	5.76148609083639
TCGA-97-7546-01A	3.10056547167739	2.84623107520737	1.76930743601476	3.40228411420116	0.534857109881977	3.71437866827547	3.51436165825797	2.87695361331862	3.75626592413261	6.44833152704611
TCGA-97-7547-01A	2.43632357032723	1.87134548263876	0.736209453999254	3.09646094695623	0.630901283831202	3.23593843366574	2.73294162219954	2.48129858353064	3.13076906614758	6.39155185522421
TCGA-55-7914-01A	2.78081734072957	3.00390750553342	1.46003843417511	3.14929139871582	0.373158938702249	3.45825031968225	2.21307104937026	2.41205837843958	3.19424193781468	6.73515952251915
TCGA-78-7143-01A	2.84062307956743	1.95297617097165	0.923006941965131	2.87816614186338	0.290130804773991	4.10456838386047	4.53312998742449	2.43960419608808	2.99793805924823	5.32291712686405
TCGA-97-A4M0-01A	3.51703259908789	3.44257919630982	2.02017514430455	2.69829034700229	0.592133723689283	4.17508742553008	4.70784666116846	2.61119316302449	2.69579557801003	5.68566511217421
TCGA-55-8205-01A	3.57558313224784	4.44892248223433	2.44782447968921	3.28404258034018	0.88119410586953	5.71456491880232	3.53428970137894	2.63530757603298	3.47127129897709	6.97785491151109
TCGA-05-4415-01A	1.83033954593011	2.63087682558497	2.75879565024188	0.977862238644566	0.816990179825874	3.36174240319352	0.98341301559822	2.85636309126879	2.58765414867393	4.63911917820855
TCGA-97-7941-01A	2.47586735576161	2.00183088123122	1.54528026124601	2.65273299130542	0.421340563007421	3.57548100618351	3.00844797393133	3.0338801952047	3.94589254690139	6.19809428174472
TCGA-86-8585-01A	3.28044654395151	3.18324968809497	2.04365419056607	3.4391597328516	0.545796537862695	3.92262628524237	2.27775338350905	2.27485329415398	2.19320609660603	6.23007831489155
TCGA-55-8203-01A	3.13329549510983	3.2093979174662	1.67466479333684	4.05437620719754	0.490938460235007	3.83593031486752	2.90264883357953	2.7196526633866	3.11763074077835	6.65785115021151
TCGA-71-6725-01A	0.834592481086884	0.181083058018427	0.235675561245546	1.33022555654962	0.114489214739745	3.04796924318273	1.63457780056257	2.41899964664671	3.08797563911253	4.85199194441528
TCGA-55-7816-01A	2.39619781500594	3.34008694456728	1.85245381883746	1.47284440187575	0.638118195868292	4.90771542084228	3.71237291149397	2.30044906347424	4.16703870550192	7.55994299975839
TCGA-55-6978-01A	3.77528292145703	4.86852644047031	3.5928889483123	1.65776953606605	1.58766548118322	5.3666779418369	3.05473529233583	2.34203186934276	3.47298900561599	8.54996018815516
TCGA-55-1592-01A	2.04328891901645	1.53384942506844	0.993612038554606	1.9849450425995	0.25020940816409	4.15285475181578	2.48764412822524	2.52351097909013	3.27085657024003	5.93601838285981
TCGA-97-8175-01A	2.14389669707624	1.00108350439388	1.12412084511528	1.78054676025341	0.260835895055727	4.25660775172325	4.86186271842589	2.81214153710519	3.05505507658064	5.54895414522365
TCGA-86-7954-01A	3.3800957968843	3.73991636284866	1.9305021358648	2.42816065962101	0.720087536021569	5.22544992117539	3.35102205627363	2.56703024288167	3.53327388436481	6.59169200391093
TCGA-78-8662-01A	1.56497690531213	1.46495157768134	0.728085085045996	1.0786004580038	0.123988586177083	2.39783990407731	1.38878064122152	1.77929952812102	3.01575418112233	5.47193182479934
TCGA-MP-A4TF-01A	1.81799867270691	1.96293954865263	1.69644997494045	2.04832715850123	0.860862865550875	3.27240925747964	1.50663357223993	3.01104620787776	2.74219756231759	6.25995006906181
TCGA-MP-A4T7-01A	2.2944196323586	1.60652032960717	1.44163951699767	1.86437975982497	0.531847784937876	4.03263627899404	2.1310045440072	3.16305351671435	3.2460866605585	5.29874265335323
TCGA-44-5645-01A	3.37196447078977	1.94773544567547	0.981713563126981	3.29170802011029	0.350217506231736	3.93841945849668	5.1256939234234	2.78196461277178	2.97379934409664	5.54982655643654
TCGA-50-6591-01A	0.629337853058895	1.33223061673401	0.210269902007191	0.668740135941286	0.11803726244653	1.84863085897818	0.829663098295558	1.81293608291966	3.04944482321832	5.80820980440246
TCGA-78-7159-01A	2.39363587974037	3.82057064284864	1.16192145536923	2.89647226581173	1.93196595597308	2.76277091324164	1.08469700971027	3.24876601332448	3.74581707118368	6.59024343142115
TCGA-69-7763-01A	2.19286047213987	1.62743922890111	1.168756134087	2.0881273677524	0.416902735755723	3.44706691493602	1.74009210153217	2.84161295944026	4.14086799457652	7.19374249157399
TCGA-55-8085-01A	2.9738074448665	3.13488326790138	2.03871677055576	3.40932436523688	0.735329691627916	4.19852747260504	2.65673312119363	2.43942904058399	2.80705213172098	5.59113978465279
TCGA-62-A471-01A	1.6515136469759	1.75697890789324	1.67352070941614	1.6078358850402	0.613536490250434	2.84152244488896	0.985294415835243	3.02647959455369	2.40908543631915	5.16628736257763
TCGA-91-6840-01A	2.95731257797597	3.23466849143391	1.78205841313627	2.86171223096796	0.395801287744404	3.75523734902812	1.95642757926138	2.39218769711571	4.06610241567882	6.0993925721283
TCGA-44-3917-01B	2.57730740788898	2.02842896046025	1.95191575074881	3.02020499871665	0.843653278471547	4.60939526683897	2.29933915424645	2.46583841315402	2.59007078367836	4.84515044924796
TCGA-73-7498-01A	2.74252390081672	1.76402265839448	1.19235245495184	2.59969051660822	0.284553291889171	3.68715081024908	3.11555546572863	3.08872349796469	4.48409936200381	6.34957001118238
TCGA-55-8206-01A	2.95406275203815	1.40535472841113	0.876623119560783	2.49605129774912	0.291787977033413	4.5620700497251	4.95537672161254	3.42794160999522	3.46918790480624	6.16529733069942
TCGA-97-8179-01A	1.51621052619623	1.65546801214981	0.767238292046539	1.1504761437545	0.177650278470005	3.73845555344885	3.86150974847332	2.96309748410295	4.12962621523537	6.14566408741536
TCGA-50-8459-01A	2.74236460548594	2.2601771999532	1.28766630365636	3.52240659138862	0.419773029912161	4.39195007454175	3.96907871169213	2.26028962002559	3.22133930517431	9.13490709239082
TCGA-50-6590-01A	2.85213922968988	3.13317005967259	1.90914832326505	3.25445932890597	0.586192662341795	4.95386934327274	2.33586463687974	1.65123840858322	2.54057063984609	6.90325988129451
TCGA-49-6742-01A	1.06517967995334	1.57631693834403	1.1298524546845	1.09738993551992	0.310672560499829	2.48225839147516	1.28926789956543	2.9652682409028	3.23097591169749	5.07238688338915
TCGA-64-1679-01A	1.97978686737866	0.925325215000532	0.827161582707608	1.20729603914943	0.170626666663697	4.27702383215233	3.86191505135838	2.40065587436919	3.37882406186237	8.46436477129431
TCGA-99-7458-01A	3.7541221040157	3.76998458326132	2.2676354689358	3.13812088729832	0.454365733408396	4.247567105682	5.01215407274137	2.76617505420783	4.34805891841594	7.21239838868828
TCGA-97-A4M7-01A	3.37394332861989	2.44704920618827	1.53099829273156	3.34176287970137	0.432303870108822	4.26088907803462	5.0796175184848	2.95282486621109	3.6687733853531	6.46826107103914
TCGA-MP-A4TH-01A	3.61414576233833	3.21984076656494	2.11523721602243	5.28639945778709	0.637103074353587	3.83541404708253	4.3919838397232	2.76513407107091	3.20923291885086	6.08425640138631
TCGA-62-A46P-01A	1.56664302307284	1.50627910652817	1.14986415436327	1.54731409942362	0.199638073601386	2.58680412278667	1.67384071484008	2.87590227790252	3.44848180715933	5.33123346049602
TCGA-75-6212-01A	2.30234389591797	1.059676191243	0.944361293283376	4.25738754278723	0.247426464471546	4.00269652317591	5.44943258372962	2.80733093797826	3.50175654828773	5.65098053618554
TCGA-44-6146-01A	1.57559498779336	0.909159925492611	0.877273921660784	0.82927954023658	0.17868775817182	2.25141062441205	1.79302923641025	2.6352093985604	3.17270913083126	5.05879165571823
TCGA-55-7913-01B	1.60010973581245	1.41295852387647	0.931245418278266	1.67877929820105	0.22930532424903	3.39359646205512	2.22726948234119	2.71954049933998	2.49910150174534	4.87138085310164
TCGA-78-7166-01A	1.38706842932408	0.828645275562789	0.98585450180221	1.92767665149611	0.330755963823128	2.32193099110618	1.38688882971455	2.09004301242288	1.82938667863152	4.67977455497737
TCGA-93-A4JN-01A	2.97023646553781	1.43468122944249	1.22245717507578	4.2521390301443	0.456694387530415	3.49354505456583	2.90889162933859	2.67118595064542	3.71522329973711	7.817654918521
TCGA-55-6985-01A	2.94203676365907	2.56197787321803	2.03790364961444	2.9317129389016	1.27560455628254	3.98542402203317	2.77060581800737	2.84187455222086	3.23034590278508	7.31908916877684
TCGA-38-4627-01A	2.15685381824245	2.15725443676091	1.05772198156835	1.77098632418782	0.242936384826544	4.44030741430341	2.8146924891389	2.45557097796241	4.21058999425198	9.33847997121937
TCGA-55-6975-01A	1.97341575528005	1.80415269216632	1.46106786550666	2.32312479280989	0.270390372243936	3.75622394816022	1.15787299710798	2.61151812184285	4.38385031440377	8.59813129975479
TCGA-62-A46V-01A	1.69042278465273	0.51974758980905	0.373577648234436	0.855968126287065	0.158571847131617	3.85426720240922	3.8209462532299	2.59720406835391	3.12732137410899	7.06585659154154
TCGA-55-6984-01A	1.81916538515729	1.05280987497223	0.835167433158157	3.00637316959474	0.338277739297056	2.37019910677123	1.67465778744914	2.62426687619494	3.03997505780799	5.6266466010776
TCGA-50-6594-01A	1.95477466257423	0.497900040646872	1.13075691152183	1.40492230859557	0.714432607954172	3.27951443259949	2.84739376357238	2.19248803235779	2.23263551566642	6.76438533512603
TCGA-49-AAR3-01A	3.18325045885582	4.12493682520436	2.35791343631927	3.07406686418393	0.709901576045772	4.66600296724	2.28688988658292	1.8845347885612	2.69914903619791	7.14200694854444
TCGA-86-7955-01A	1.09645764621313	0.915162566506985	0.877163617395396	1.68936106424915	0.330169368290521	1.80282297644667	0.692098860175233	2.03853091632757	2.16955063556759	4.58207173091591
TCGA-55-A4DG-01A	2.80523819835031	2.77038643151665	1.68170532785267	4.17643370782281	0.590980157741282	3.51500567300157	2.63362899342581	2.24229642278552	2.89842000328228	6.05311364001902
TCGA-44-6148-01A	2.15230205429237	4.50177613229331	1.09490147545153	2.82319027536715	0.36010111963147	3.54114682005523	3.02572844492215	2.86576468355017	3.64196664830508	5.80506433426969
TCGA-93-A4JP-01A	2.21445649383053	1.28983878817207	1.41392696699547	1.55080050443991	0.45500848661171	4.51011256498698	2.72914511674836	2.86069353482513	4.91667503553892	5.85291188294885
TCGA-78-7150-01A	1.62261716509234	1.90972473429808	1.35607811947588	1.27378431830767	0.232959535152453	2.72409444227383	0.811004249753866	2.57299034258137	2.48402783246477	8.03897862775642
TCGA-97-8177-01A	2.76563309080956	2.3787591382227	1.39286756256725	3.27116166953516	0.287245009419265	4.29252894953487	4.21678599918775	2.58020578137706	3.49582688087552	7.32373500939514
TCGA-50-5946-01A	2.15162182299106	3.14543332063058	0.936580108148113	1.22288456743382	0.366965144799881	2.9498816763848	1.06299650387617	2.17618367675734	2.80935115377263	5.69936872087704
TCGA-50-5055-01A	3.94180453676216	4.21733792960094	1.93054883154391	6.05181391714261	0.555283556339923	4.06347614304645	5.2582108728883	2.10865086482924	3.63790109384144	7.33699899033364
TCGA-78-8648-01A	3.06661053322588	3.94630183967622	2.32176721605745	3.10204308605749	0.975536214982687	5.08987556998592	2.63785180053269	2.17382432702259	4.14689959804574	9.1411520858617
TCGA-78-8640-01A	1.9302693568316	2.00334931589551	1.30999710642708	2.05820301309834	0.337552741126446	3.41157625614439	1.85758171627322	2.4547776855638	2.56220248138315	5.48733608471995
TCGA-50-5935-01A	3.03706138728355	2.2147956653696	1.4854046713608	2.05201527952156	0.296169882615453	3.7570183551845	4.59493534915834	2.61414841004528	3.78544322963941	6.14192707043026
TCGA-78-7167-01A	1.82516660061766	1.4794077430782	1.05911468140156	1.49329513171051	0.223181668807687	2.82908246467006	2.03454708640236	2.88457955051306	3.29846684531994	5.82286333045547
TCGA-69-7978-01A	3.66607913208681	3.73574296212936	2.5189000467237	3.09548655752227	1.03279335126214	5.30561750299964	3.82085959973781	2.6295778175063	3.40066929383811	7.64396499887196
TCGA-86-8054-01A	1.83849254285586	1.56403082529554	0.985429021663899	1.37739199588887	0.424315267724872	3.17723168578441	1.66546604067752	2.74867089824274	3.60562702939245	6.31463109456504
TCGA-69-7974-01A	2.66167448174793	2.521206434777	1.85574302833639	2.90524764833281	1.07254969871326	5.0307038615989	3.68214954362494	3.02181608553133	3.82813372109496	6.71516287656732
TCGA-44-3398-01A	2.65760849047291	2.68596196949692	3.11625585595888	2.54541983672286	0.466149038832311	4.30529323497977	5.64674239430553	2.8030764552384	3.668952805164	7.92752893407197
TCGA-NJ-A4YG-01A	2.49180470332461	1.7942354031539	1.14151224061207	2.06758001528501	0.282465280703561	3.65655382401711	4.05838553221047	2.48802730991844	2.9034554483753	6.61071587445437
TCGA-78-7537-01A	1.79011291952732	2.07248971126069	1.15308647182183	1.76095398990638	0.175236523521185	2.58397294934138	3.43580789407105	2.12669658062589	3.409704985218	6.78386091714393
TCGA-38-4629-01A	2.41703160757194	3.33028518112909	1.88055649708615	1.85001200558445	0.868168834019498	4.57767154865497	2.19768486078702	1.90649905700186	2.69530247331413	7.9015215554956
TCGA-55-8510-01A	3.01999269826309	3.12431502132176	1.82173044045328	2.60095692332037	0.519713085809632	4.70750479313793	4.18634833668869	2.73797746030466	3.54366853489338	7.07137144396318
TCGA-69-7760-01A	0.865925493605004	0.360657701271598	0.414829109423225	1.28257596936824	0.111690422026201	1.93262168238575	1.31018795883592	1.98275075945521	2.14213955273087	5.53228589697925
TCGA-55-7284-01B	2.43523914122596	2.77275268565836	1.76134683626175	1.74469232970483	0.606896275185815	4.49433278432709	2.98453253005362	2.99165599780901	4.21569293103098	5.97040487166608
TCGA-55-A4DF-01A	3.47738932427459	3.81415577403456	2.12897137389169	3.32836528480419	0.756851779295149	4.53210663817753	2.55230466162032	1.9476906771945	2.77073325568501	5.99336675077199
TCGA-05-4402-01A	2.41081728374721	1.59644247604935	0.921963668939425	2.72232606620069	0.181968483511248	4.16419279817424	3.02786258158184	2.47671336792354	3.04253848354392	6.88528338292685
TCGA-86-A456-01A	2.63939242454181	1.57771491036184	1.55997030649551	1.84211633342348	0.192709022290647	4.44050784118453	2.39036960018753	2.7051446774472	3.40069193628108	5.87729910045776
TCGA-49-AARR-01A	2.64167737910887	3.1463378139031	1.85775294090161	3.83552665142216	0.497670610030454	3.55598396036234	2.20226215440961	2.82966249664054	4.42070612776769	6.9637920818767
TCGA-44-7667-01A	1.89974714258125	1.07747069551419	1.06115938873415	1.46081495162448	2.10985738720011	3.29089247402988	1.19320997083169	1.94116395301303	2.98074064116406	6.568358999683
TCGA-86-A4P8-01A	4.05685470053182	3.60165017229827	3.14862385939593	2.53089156641611	1.38245398275732	5.09340205347748	3.94733832958541	3.11705980912844	5.13001243998189	5.84280944035824
TCGA-50-8457-01A	3.11571947099354	3.21220566867297	1.62267163578062	4.22762295104307	0.489296412475019	3.70046200748373	3.37005793718545	2.23904477943433	3.56283833461034	6.43226872661591
TCGA-80-5608-01A	2.20596946253998	2.92604056185286	1.43804441438314	1.64962618546661	1.9101023151767	3.16501511597098	1.91490370585687	3.16381193297075	3.08424665580007	5.26058826149958
TCGA-86-6851-01A	3.82620650462302	3.48662558436743	2.90228998531544	3.4886150614278	1.79404342317585	4.61668044963269	2.67020343422875	1.91793031698704	2.91357994984948	6.57736308010044
TCGA-55-6970-01A	2.65774919514118	2.39009107563388	1.66147599707465	2.78240120405438	0.513990047864166	4.93307772217365	2.60849132385573	3.24248914225597	3.77727440150311	5.71213602033623
TCGA-05-4384-01A	2.04822575745783	1.36251988697061	1.60779614508623	1.56959442977811	0.312318074972861	4.61544201712121	3.10340060326463	3.80886347759395	4.33843640958341	5.80143382540363
TCGA-44-7671-01A	1.24329863522346	1.06344503788916	0.712980172098611	1.34760272083705	0.1258014583271	3.52141377799842	1.89138215143844	2.65939256684589	3.9192229517868	6.85324359310785
TCGA-55-8511-01A	3.03387848000348	2.71957983771282	1.8384582648189	3.78388677447687	0.472472528572406	4.28555401553115	2.39954337002935	2.41167079900305	2.59926637152855	8.00553116189439
TCGA-MP-A4TC-01A	2.89055370572066	2.4382597926652	1.70807538253328	1.73604472911033	0.55988313425419	4.32234103426885	2.46505600784834	2.41301049517917	3.15550922351256	8.57489158907102
TCGA-91-6828-01A	3.09253411199312	3.02492225724012	1.8944045137416	2.83460811790059	0.688656347531001	4.82866566607663	3.64667554744962	3.5679939038876	4.08256862220014	6.63974454284086
TCGA-55-8302-01A	2.37407487669155	2.04183336027459	1.24540727918439	2.45740596601664	0.484116508298124	3.8854257545366	2.44105996732139	2.69466042569783	2.57450244115535	6.46142923600232
TCGA-55-8087-01A	2.50344146550492	1.22683870487656	0.530844829389322	1.13805455900841	0.230483079243109	3.66722410361265	4.57620583586928	2.99598844300498	2.83934801597333	6.43081979599474
TCGA-L9-A743-01A	3.71458450815847	3.38857668249106	1.88519054990381	3.81023286814372	0.560772133046595	4.615263002671	4.06714868987049	2.89559792196968	3.75025810455536	7.609610699509
TCGA-38-4631-01A	1.58549461361936	2.66589131351572	1.2637736189964	1.61514475700678	0.252422795010848	2.99772585271886	1.09533842865313	2.76540981226687	1.67074354232167	5.49687292992065
TCGA-NJ-A4YF-01A	1.65055174230549	0.961125394195285	0.907717973606695	0.873367100615795	0.528269102665396	2.32644076221747	1.0728796170338	1.99876649553652	2.26929492495581	5.7686550278992
TCGA-55-7815-01A	2.86316710721414	1.71675136256405	1.35522048151789	2.631300834149	0.357893546870383	4.6816459297849	3.42953898570113	2.62288757645179	3.06238447522893	6.24680259736167
TCGA-55-8620-01A	2.6952771912083	2.87129834602184	1.63788047192457	3.31393310841406	0.492578865584726	3.57710108733979	1.2255936715772	2.29252028965028	2.25240006521328	5.13617312025423
TCGA-50-5941-01A	3.60211979798018	3.8039183329503	2.09708744889628	3.99835919768059	0.904233299681873	4.83232752183209	3.85063258139972	2.5820348559032	3.59734566328184	7.04290406853999
TCGA-78-7539-01A	3.31979067564453	3.81169691746731	1.81380569014045	2.17983053889843	0.433382751856144	3.99496752570459	4.04360393081199	2.66932708845174	2.55912805589009	5.80451639726223
TCGA-55-8301-01A	3.41893135224326	3.64086275444019	2.19198846999871	3.85468249414098	1.06427342693825	4.36812497079642	3.65172774756872	1.96252106484858	3.05531197638967	6.95368847966839
TCGA-73-A9RS-01A	1.78297311256768	1.93641842339651	1.1782131348172	1.53940280275415	0.587720728890273	3.23451298112379	1.08706789639064	2.28682139972982	2.18282750013702	5.4607279184934
TCGA-44-2665-01A	2.54425195738255	1.42899066822734	1.17828814899902	1.47212249074331	0.236058758977242	4.44652050848795	5.26581967292507	2.36431405369705	3.12988795212548	8.68114620004451
TCGA-L9-A8F4-01A	3.54021980856757	3.57925664535213	1.94014367801259	3.38802663336535	0.51109396936445	4.14664024276856	1.95300694523568	2.092908584264	2.55977982537728	6.77744463430406
TCGA-55-7725-01A	3.16908388394184	2.65967446025158	1.700434900061	3.30457455507809	0.626873065873448	3.66035135476372	3.23729500699911	2.67809590374473	3.13069175090779	3.5489706318228
TCGA-55-A57B-01A	2.53615572990692	1.66612813898739	1.37380203558934	1.47784014583366	0.435713960006821	4.01016610765647	5.44227253575125	2.60710397010621	4.4465023154975	6.73420350785341
TCGA-86-8673-01A	2.17672688434091	2.66465192019735	1.66520239650535	1.65098571447861	0.400149868131622	3.40170209928235	2.05675973570963	2.54469781971557	2.76469962542295	6.7254558885717
TCGA-86-A4D0-01A	1.94747379993908	1.1614335593286	1.52671950928443	1.53833084491887	0.413737346961375	3.17787186406999	2.16334978939024	2.17757358897228	2.21676529578242	4.77248956968383
TCGA-MP-A4T8-01A	1.83058584869477	0.631792524230885	1.01890406475825	1.06170083065744	0.23694717048064	3.64531798713964	1.15590509071455	2.71886202339707	3.0553721581147	7.23522954055746
TCGA-93-A4JQ-01A	3.9290953930781	2.49968789916477	2.19501702366137	5.39261447158196	0.679067581562674	4.13833040025196	3.41115213413897	2.35745497650637	3.4630882316542	8.1938812266012
TCGA-44-2666-01B	1.86626973199738	1.9281133295602	1.33506139959073	2.30521743588965	0.770855440436315	2.86203985953465	2.37819617035304	2.78629555509405	3.44337766639445	5.3305373963606
TCGA-97-8552-01A	2.53961419185197	1.53019198397399	1.42063016152907	3.38102603695444	0.349992359690036	3.86440425336936	4.39852209342249	3.16448165749103	3.11657637208985	5.8717375130266
TCGA-69-7764-01A	2.48990082769592	2.52539941526926	1.53391769618754	2.68056563633087	0.298233899000584	3.340243573364	2.51081920350089	2.778858251098	3.59640135133474	5.51524286100066
TCGA-86-7701-01A	3.54428350199649	2.69582451869227	2.267448995972	4.09129429938971	1.04485100270659	3.91622141292974	2.92538205940851	2.93023587495703	3.44511112360171	6.82777664190737
TCGA-62-A470-01A	1.66564510480354	1.36740794518117	0.8939198454925	1.29810612961338	0.170859187761802	3.59450368931555	2.01380464075635	2.75969216030507	3.25587359372944	4.6142428992163
TCGA-55-7727-01A	2.99174481143243	2.54359700169369	1.68547824345252	4.0502579575617	0.453271930967875	3.99475964204982	2.96611240265288	2.54221909690957	2.97847340045868	4.64096501639428
TCGA-L9-A7SV-01A	1.81577644801914	1.48725445037673	1.126349538703	2.03287085326978	0.492295422027693	3.00236624543437	1.73700158437765	1.84657412556462	2.92250759220982	4.83547604519891
TCGA-67-6215-01A	1.43890378251289	0.70463175186369	0.786893956366148	1.21757431151938	0.382059171520024	3.92023236727361	3.42649747915352	2.71994231516009	3.10047465408823	4.50235903853766
TCGA-55-7907-01A	3.02950078350246	3.13026725728152	1.74631258068154	2.46525104945843	0.525948962022556	4.0619858374237	2.45381490116193	2.29308215527549	2.86152376006519	6.59709341329651
TCGA-MP-A4T9-01A	2.87928120546608	2.38556302530247	1.79837486192462	2.60103829433941	0.500147693705595	4.1500125258964	3.17302607458175	2.78490527369773	4.50592454407703	7.18501414893981
TCGA-97-7552-01A	3.58965985871324	4.15349299399083	3.377540384855	4.86466278392307	1.10689245596207	4.50716465586846	3.54635367253566	3.14719674700182	3.70522566698681	5.92091998470693
TCGA-05-5429-01A	1.42596250791537	1.93040813428342	0.627249170074046	1.50510801907464	0.0711196473371234	2.46883564738893	1.71537960948437	2.16523269090345	2.5641333792823	6.95512894779161
TCGA-91-6847-01A	1.19035552972613	0.760669293797086	1.31859433673858	0.627787946408441	0.79970608779629	1.61141836292316	1.35404840985796	2.00790752303735	2.17259290859249	4.30295221269134
TCGA-44-A4SS-01A	3.34189915042454	3.16884206200842	2.54130961617512	1.57376135771064	1.50416707214753	4.96907992196923	3.16648913632078	2.23853757651431	2.72137946267006	7.83985661720173
TCGA-55-8097-01A	2.97301406564815	2.14215390789569	1.03121823152184	2.98942064505119	0.329076258729497	3.45934437756181	3.71321559396338	2.84108099254129	3.47906701109965	6.53089518691873
TCGA-97-8171-01A	0.735206750854079	0.269296598496081	0.23612306546265	1.25855247197143	0.0281969125598064	2.41905615474035	1.10038838094716	1.98598492880683	2.73056606560266	4.34870329437854
TCGA-L9-A443-01A	2.60089231096687	2.43032975950484	1.92951254219342	2.09323557024283	0.36197884970571	3.4658421914488	3.36827226660353	2.71027307076983	3.5974199729037	7.09269312471162
TCGA-55-8089-01A	3.49142021410709	4.12333239331132	3.43970371466473	3.15049896896064	2.97674840465477	5.29655443076291	3.05331376886172	2.68398137016974	3.09289233735005	6.8399825449008
TCGA-05-4424-01A	2.86110083845972	3.10444201721158	1.39536295795976	1.85163854707592	0.2943662937257	4.62517984602519	2.58245281411203	2.71656078812944	4.17121513821042	6.83174752549074
TCGA-62-8395-01A	2.10582337037501	1.81104108447082	1.1488608365165	2.58721754939431	0.272728958840464	3.64883239651047	3.82971039092183	3.27273283982069	3.97382861991632	6.66639703300571
TCGA-53-7624-01A	2.41049633222352	2.86483396589927	1.57920382290563	1.70805466225296	0.802203417634036	3.82436468496244	1.16951756993389	2.16822401022606	2.0985568038576	5.88384124459902
TCGA-64-1676-01A	2.11127606276854	3.52025346966468	1.37477625335271	1.44232276913961	0.507665149141462	3.90382181251607	3.642377016106	1.59006952348286	1.76431849289389	6.13642753515879
TCGA-55-1596-01A	2.2713670650887	2.09950987028558	1.28844276460683	1.48423545080657	0.328886333518335	3.62360665995326	1.44229442427191	2.20636755012432	2.80848134939813	5.78353647794724
TCGA-97-8174-01A	2.99226979900555	2.12716676377271	1.58539694742648	2.63294295086698	0.591376878008029	4.12229120927885	3.42243559239792	2.63325932576107	4.5530760480745	6.87459630052604
TCGA-93-7348-01A	2.75189711334542	1.63953423568352	1.084901481026	3.60863077727444	0.294093358109407	3.30765726117076	3.28649075400562	2.62562472748644	3.26776186889299	7.42984380257131
TCGA-38-4630-01A	2.36046800309231	2.50298872003961	1.2389045544298	2.00336410318055	0.310984231973587	3.41917961556338	2.64439244698805	1.56002104484635	2.55543656577998	7.41159534077221
TCGA-05-5423-01A	2.77684176761387	2.88469048144108	1.49242033647288	2.50870296100193	0.337260767505712	4.41671790298942	5.03721845248256	2.73906086076426	2.74872365778264	5.56159679433155
TCGA-49-6767-01A	2.8322858042658	2.97914555174142	2.15926869104624	0.670242518503695	0.357664768494261	3.95985757408122	2.64971155195585	1.67636277742415	1.77104566608568	6.34095590545384
TCGA-05-4397-01A	1.80257225500881	1.91146476425455	1.07796026441722	1.62966206541803	0.461016583896166	4.02950121060049	2.35883764203139	2.06890794556756	2.48384215622645	5.29114771638541
TCGA-55-7910-01A	2.00413007485345	1.1017906656151	0.801447401283939	2.39110390843074	0.463876714620979	2.49551024223658	1.11520616435303	2.85483393487276	2.78867775317614	5.80417291212455
TCGA-J2-A4AG-01A	3.49572580921018	2.32919005429518	1.81003129404163	4.41460197882544	0.634916331370205	4.06608004596698	4.53060690544192	2.56393828485351	3.58057060647746	6.88560525720024
TCGA-50-5936-01A	2.14946191505512	1.24341139382146	0.975266828182157	2.32617843419857	0.333880207953076	4.5565637100007	1.842399923598	3.28886104102442	3.51038987462268	7.58756624678162
TCGA-86-8073-01A	2.34427483724286	2.08902791830417	1.2414156132663	2.04546426504103	0.372994312239671	4.45218496832766	2.98853727225633	3.11059037517333	3.78931718983542	7.38782120088683
TCGA-44-4112-01B	2.76250784942544	2.14348267737951	1.96551682574481	2.34694335812574	0.973925172985718	3.81885734693907	2.34254106791521	2.85152446663839	3.50165128873053	6.42150250381186
TCGA-05-5715-01A	1.56819114072501	1.66593657479408	0.781946418449871	2.30823942941147	0.400069268924289	4.03050960081163	2.66211000590469	2.23420345702491	3.46967097208931	6.80344855906155
TCGA-44-5643-01A	3.05445110826163	2.55080473643441	2.46262670671714	2.7142496168148	0.527153768114835	3.42361954158015	3.3130753343674	2.15707032995003	2.2247798924998	5.21964690107299
TCGA-75-5146-01A	2.93599570232063	2.90952822353083	1.30699192132093	3.35213017802132	0.401384308847627	3.51748618384981	3.20731058872864	2.76734759850183	3.32765228308641	5.13076414543535
TCGA-NJ-A4YQ-01A	3.38773432715608	4.06254795428145	2.34630059740115	4.45883358696748	0.872592616902983	4.32033251664751	2.20934098840388	2.56146755415358	2.44511766172619	5.68975327635922
TCGA-44-2657-01A	3.62422186893485	4.39928068652164	2.27640651779146	5.19967818674511	0.850109515484124	4.10230219259231	3.45908675710216	2.19798128030738	3.09775427491406	6.55747125445119
TCGA-55-7995-01A	3.58463936516845	4.78181871053876	2.927023356396	3.63212398012529	0.991252607987655	5.08182140680854	2.38309991612064	2.58546245337487	2.69418310210988	6.14907537270035
TCGA-44-2662-01B	2.48655751284756	1.54753713382403	1.85587286802148	1.97769404768011	1.05757405009757	5.34964251514509	2.07136813290521	3.41042040357461	3.16050818408015	6.6116779295923
TCGA-49-4514-01A	1.79545318373702	2.03216807598901	1.19516793772523	2.47735811931093	0.344385781436022	2.74685994204106	1.62124454987871	1.70974213333367	2.28896453476448	4.54513649282623
TCGA-55-6712-01A	3.21997856520863	4.54256431734798	1.97363186671291	3.32647816369471	0.678634330955005	3.8916496344885	3.90148285194577	2.40260788745176	3.07515902767178	6.94946419895548
TCGA-44-4112-01A	2.31801845779734	2.66068544491771	1.75902620764875	1.88121035906153	0.395813876802047	3.49803681462794	2.62591029466548	2.43497285534796	3.29181204841132	7.33802115747986
TCGA-55-6972-01A	0.948391769959363	1.03029130177682	1.04177762531851	0.955740844210623	0.165677918335827	1.65010559784646	1.4609791212052	2.57767344041891	2.29921873640704	3.05091755720213
TCGA-44-3919-01A	3.46975625551732	3.69309241452731	1.8827354401751	3.31743966268117	0.458476182604486	4.60040974600089	4.26599287520596	2.4449122631016	3.26476945070906	6.85587896741612
TCGA-J2-8192-01A	2.91768993585906	2.24460734323329	1.33637310022855	2.87413523250089	0.357814780512366	4.75057456000339	4.91133869482187	2.95937075001363	3.39606352928991	8.75054994219391
TCGA-44-A47A-01A	3.36398473577686	2.09649534239674	1.04635363876365	1.99619559242849	0.299264602857715	4.62019008466813	5.90158798940909	2.51529961672534	2.86894854295398	5.66863919363673
TCGA-75-5147-01A	2.80655945746174	2.39475298414899	1.2399218596736	3.24090150897474	0.227263362174496	3.99656897581806	2.85967940585903	2.42471769250974	2.74042665397066	6.58947952950573
TCGA-86-A4JF-01A	2.20540508990953	2.32744521738712	2.30767340836994	1.98173242610595	0.489832037775105	3.94762048800965	2.48949561058164	2.27829906532295	3.16527911470879	5.80513872243634
TCGA-69-8453-01A	3.04171010800153	2.74798991239937	1.82664961294349	2.90109838113401	0.482906942141422	4.8024282891966	3.78287275554064	2.96855143402765	3.54591931194484	5.97232290689145
TCGA-73-4662-01A	3.27404356298292	2.90271185264366	1.37166969583386	3.7232192813675	0.370640563055087	3.91989897352332	4.11758629004211	2.50591566138648	3.20994307891714	6.54616050764988
TCGA-95-7039-01A	2.22664706178315	2.46302500564227	1.29808242458771	2.06806147543342	0.316410903903786	3.25990913228343	2.42294681655612	2.47351253742606	3.8572491215342	7.0271347140803
TCGA-NJ-A4YP-01A	2.41617300432316	2.51192454934773	1.86246471188994	1.69238530131098	0.807277126719753	3.89896973687605	2.10215251330782	2.43536519792447	3.63232054699102	7.99671216219485
TCGA-62-A46O-01A	0.807710377934792	1.09155723864254	1.044028494049	1.50872880964627	0.355769855846191	2.20899544260306	0.88895227939273	2.67174599506597	2.10564766995792	4.43904660669653
TCGA-73-4668-01A	1.62523793215293	1.59475228219704	1.11591130516855	1.81701864066185	0.276854546383675	3.04616074390788	2.20709708078686	2.20205826301564	3.06308003870762	7.39436417247863
TCGA-05-4433-01A	2.83872835837694	2.78546803380843	1.74519945034716	2.35544193875564	0.489484780810341	4.4193719447091	2.88583160590708	2.98674630356603	3.43954488725533	4.9215184863297
TCGA-95-A4VN-01A	3.07788500933492	3.72148869550793	2.38169935987027	2.59957849465157	0.981621800619662	4.67254558019499	4.05336026144593	2.60254646158703	3.4733440647413	6.28072605448687
TCGA-78-7156-01A	1.5117557757729	1.50176726698142	1.184155134606	1.17356375519552	0.333918786221396	2.54314627305095	2.13201464285902	2.87712640266139	3.92004923343978	4.31644868529944
TCGA-38-A44F-01A	3.28168566747536	2.54612235842868	1.93191840290252	4.24222248116378	0.556330962669487	4.24333472288639	3.89582527148806	2.89911315691896	3.54225378787029	6.31420562664069
TCGA-05-4396-01A	1.95949678531995	1.14418389795733	1.08014351035242	1.51409242397621	0.396813530781516	3.57872539879853	2.10782035726126	3.1103104220457	3.60807590742642	5.69005244189511
TCGA-55-8204-01A	1.85654146823341	2.03492543996143	1.30735632939155	2.19908094405272	0.479723645680481	3.05830892721787	2.36045041853271	2.71941720121504	3.10580248334959	7.13817638047059
TCGA-55-7281-01A	2.51542890178278	2.05350984597759	1.29392357133979	1.93089945855417	0.319969964939253	4.14941318946325	5.17009383523889	2.0568103287695	2.9497220164118	6.74714079467233
TCGA-05-4405-01A	2.04748771791564	2.17602690192249	1.43282562563269	2.83389861695144	0.348345960681572	4.37921733399867	2.97315377508524	2.54768862928848	3.62957473367238	7.86303376131471
TCGA-55-8614-01A	2.28717152622372	1.89486606798673	1.24608733330899	2.00935436664878	0.359244616798382	3.22595359599434	2.47418285291551	2.86253545110565	3.16055294542516	7.69325088797016
TCGA-78-7152-01A	2.69571424512848	2.68438281651268	1.54310172805262	3.70719512751445	0.290041917369929	3.21945312914484	3.21961918537339	2.00486984968436	3.33660794282467	5.81171024914882
TCGA-64-5781-01A	2.94409649239851	4.60371417442476	2.3939857052043	1.91630881173997	1.36640052163398	3.298932370361	1.64591670007784	2.13160488534188	2.27817730519424	7.28964182491496
TCGA-55-7227-01A	3.19833229044567	2.16368737883425	1.64654378520658	2.06343729014417	0.503175349065543	4.23127508275398	4.09098553127081	2.66584918089986	3.30629077604486	6.88832002365436
TCGA-MP-A4TD-01A	2.49287531766333	1.53614003472361	0.997879806462093	3.70979749705616	0.478686424102513	3.61832367588299	2.62115318114329	2.60872131072242	3.35189794007517	7.8508600084408
TCGA-55-8513-01A	2.59481804292628	1.47161386928401	1.36156538671374	3.74550112087406	0.521347266919431	5.19228664288178	4.28785974203591	3.23944279174051	3.9980289669473	6.07896906995289
TCGA-78-7542-01A	2.30780246001302	2.29592580774658	1.55607579031623	1.75251242623234	0.461420620073165	3.13054189544159	2.14309515395251	1.87296906657534	2.6171353094558	5.42709046813724
TCGA-O1-A52J-01A	2.24806575232439	1.36917093682912	0.914223662904782	1.2128554027634	0.290554369727959	4.11930133073378	4.32661755322524	2.57551680368086	2.80171433800423	5.76075097404812
TCGA-05-4425-01A	2.92373008928042	2.35238539926388	1.7354154311157	1.20669438317481	0.232241327631703	5.04805853717619	5.33920301854008	2.43935425948272	3.27587586181978	6.63101793324852
TCGA-73-4659-01A	1.74295910734623	1.28924034726796	0.973365349344862	1.61619304040878	0.409160134796149	4.54661161351428	2.34549589668392	3.50555733945057	3.97044149801521	7.22564833869966
TCGA-35-5375-01A	2.22238427747603	3.25795186595268	1.63213406460057	1.9290668568095	0.285949480031529	3.50174343604613	1.6545373412075	2.17632499052064	2.06153301504694	6.07308441907363
TCGA-44-2668-01B	3.21376038988613	2.64745441970156	2.62173057447945	2.78144054852955	1.17689397413294	4.82687773988701	2.33869035940228	3.41971240602277	2.96528138301924	7.02620358312507
TCGA-86-6562-01A	2.20113852291655	1.15675162133815	1.4350742368334	1.70279787494641	0.32497729227659	3.93267886684532	1.82127762531035	3.05279197378465	3.78188516238717	7.68345387435007
TCGA-86-8358-01A	2.59886464709326	3.58035239207222	1.9229733240824	2.30274249438673	0.620288964280343	3.57539274289324	1.49245689375179	2.44043979871776	3.11547945919182	6.81194490695136
TCGA-44-6776-01A	1.63716838528311	1.71931762373762	1.16624350272485	1.55593071474473	0.233496958608536	2.48242956615853	2.98507649057572	2.84635238719959	3.69137257881177	5.12862691986701
TCGA-95-7944-01A	3.18593277237835	4.2119085022494	3.02792198084095	1.6949446914061	1.93161653998484	4.36815956168854	1.58964354495371	1.97610333967021	2.26956298336048	6.19296503328721
TCGA-MP-A4SW-01A	2.80051583140959	1.79511648007732	1.27428098932705	3.67079221388733	0.289475439041029	3.98054890066416	2.63854542086062	2.38388365206215	2.85097326003894	5.95481209164109
TCGA-49-4487-01A	3.37002025970144	3.32456545864626	1.99846067421651	4.65922245089389	0.555157289702891	3.68574787124638	2.70363381125492	2.06189673097308	3.17379763933543	7.22063481222998
TCGA-05-4403-01A	2.10486018248904	1.68137522675831	1.13819355781585	1.82847434183828	0.384160722964692	4.10816955474551	2.66889299577083	2.53867304221221	3.1345729494164	6.24649579360013
TCGA-55-8512-01A	1.79784778408103	3.70178049267506	1.67295596815946	1.55562840181015	0.555763957466415	2.92313918953862	1.67336466327782	3.80117595843944	3.52071309030942	5.65754058469019
TCGA-44-7659-01A	2.29688156624981	1.54246442046924	1.24831533041549	3.2940268308184	0.236251052647589	3.30318123789296	3.6351877456043	2.72521927194968	2.88565599478139	5.55139323908887
TCGA-91-6848-01A	3.0532302740045	3.09065414654461	2.18236943299377	2.43741306694547	1.02027614717389	4.96502602950208	3.28664695475566	2.18244959347666	4.53987616338798	8.31743814067477
TCGA-55-6986-01A	2.18283203036655	1.61241836067432	1.23219461791616	2.83955117811119	0.244330324583802	3.57830398697093	3.62959907213918	2.64732079721934	3.34091837002514	5.69627531827729
TCGA-50-5932-01A	1.2501693781212	0.902860691397034	1.00308194349993	1.35290401812062	0.202994510349101	3.3697752465211	2.00527425882801	2.84356485959381	3.34015666810356	5.20064794472341
TCGA-55-6971-01A	3.64555772702065	3.67862814021051	2.85937712780346	4.26582788505915	1.12845457977764	4.88090943557574	2.74432138574435	3.25852748035179	3.71242228771227	6.83295806299505
TCGA-55-7728-01A	2.81261367686543	2.15634709425968	1.47200498727899	3.17873124579966	0.553301813393111	4.82216369380324	3.92323913487592	2.30993990015916	2.00990139396196	4.74619479288854
TCGA-44-6779-01A	2.83782123225519	4.04002866034676	3.16100193918366	1.28851416487634	1.64685883575336	5.36896036172249	2.61824904660465	2.69140945535294	2.82409962154157	6.84823145944602
TCGA-MP-A4TK-01A	2.97039119132843	2.62464544217566	1.52705911406696	3.61461925897149	0.603509594835008	4.07232143801943	3.73838073342062	2.38699700536808	3.55249584530448	8.24798843678112
TCGA-86-A4P7-01A	3.04270421329942	3.13662288436745	2.38474954332451	3.85207547799611	0.685312892151149	4.35752091837627	2.61573866351245	2.64863974291718	4.56250493517348	6.61018286934439
TCGA-78-7162-01A	2.71343770702957	3.00216680039554	2.19668986115647	3.21388273255304	0.687808881675924	3.78109473209971	3.70549265644025	2.83273500443656	4.97856139978664	5.95534204758464
TCGA-69-8255-01A	2.91605112574277	3.9398997374739	2.32349562795076	2.81603628332994	0.65352189611797	3.98115116558962	1.61483934534135	2.47524907254918	2.18127499634526	4.62298349261268
TCGA-05-4432-01A	2.65706738527876	3.22476573188876	1.6249549736468	3.08976541967828	0.477308428122191	3.89576093483736	2.19150890486858	3.00743001543831	3.31120382503337	6.68357386077059
TCGA-55-A492-01A	1.64595774978353	1.17712120077797	0.861987364740533	1.15901391812965	0.448760864204152	2.80157241007836	2.06456211176323	2.86403338503313	3.34480438850598	4.51427763471316
TCGA-50-5931-01A	1.50846335320918	3.55840271131471	2.50813146315755	1.11904416171011	0.155956067527213	2.65934519731592	0.880671597007315	2.40114890170628	3.00916888099285	7.64391799656911
TCGA-97-A4LX-01A	3.98188046021246	3.42844196032856	2.37871595842181	4.6629685631601	0.818357465859069	5.09502643540776	4.14055619996668	2.53198299479598	3.37588014229995	7.71869239166844
TCGA-50-6597-01A	2.69413842614513	2.47561382727342	1.01188532664939	2.69419936243367	0.10212503724935	2.60108842340651	4.06098016351372	2.00100000975143	2.09225642356066	4.83034161966525
TCGA-MP-A5C7-01A	1.46274582343652	0.337263956392403	1.05277783410095	1.28088887770965	0.581873399512067	2.50132016257111	2.52336695841967	3.07618893245139	3.44250203236723	4.76156035091192
TCGA-38-4628-01A	1.28227005045849	4.8960436417632	0.452018988735183	0.862451324983957	0.0478421163829174	3.38000720784401	2.95564899922125	2.05908674114093	2.66530618983564	6.98525799790441
TCGA-55-8096-01A	2.21441863717589	2.1838983562241	1.25003155739107	3.14836354745405	0.300949829796673	4.13465608775247	2.02464849694631	2.20493351379947	3.61495194860415	7.3404025083841
TCGA-73-4666-01A	3.28269640186507	4.58574021235428	2.93880335402466	1.20485292941916	1.29403510859215	5.20644291822246	2.57836118398899	2.51079400401123	2.69588145144751	6.15679947698743
TCGA-53-7813-01A	2.19036523101943	3.30770136535519	1.27524603378139	2.44271024048106	0.330776971713598	2.55828760678226	1.15653123780657	2.19544937277026	1.97196389538631	5.09801306450861
TCGA-93-A4JO-01A	3.4702597845145	3.52569050027374	2.26031209826505	3.84525086676279	0.806195014017347	4.52035145848445	4.02812430174787	2.73379341938887	3.57583486414898	6.46728952281029
TCGA-55-A48X-01A	3.33752674199608	2.94394601708352	1.85198522110904	5.60677629206304	0.702272465357069	3.71417235710808	3.69830887015541	2.99313595924783	3.62766558267819	6.90517329392099
TCGA-91-6836-01A	1.97415680832794	2.06624794457195	1.59336112480026	1.85339580852856	0.575854789008803	3.03179821479401	2.08875772198237	2.43796610329633	2.68763820290451	5.81520555171622
TCGA-78-7540-01A	1.46031575747908	1.05946042048373	1.04535615061374	1.73473330886144	0.337274371635587	3.20836879099401	2.31698434454965	2.20793019804943	3.126246318241	4.33089132385005
TCGA-49-4488-01A	2.48103535090257	3.56683109390203	1.66671895750589	2.31069913912181	0.431568759750304	3.66532553661809	4.47905462424655	2.41049668152198	2.33908864327649	6.3651108693257
TCGA-55-8090-01A	2.25012735513662	1.21472532623438	0.819530330624732	2.25697170392028	0.226322146715957	3.60755040436027	3.2666477752701	2.67980394933814	3.24707992993177	6.55687771863856
TCGA-44-7662-01A	2.42003585602088	2.31455919232046	1.82450158253087	1.94375124055276	1.01916925337168	4.11092528355295	1.99492921524965	2.5346661685159	3.35940194259279	8.75165789332508
TCGA-55-7283-01A	2.33490365355198	2.40363773954562	1.82849498698981	1.50141425412885	0.39873694678871	3.80939348397613	3.5264981263562	2.82788182673847	3.76677683876737	5.41600506983846
TCGA-44-3917-01A	1.46902020545193	2.09145539100832	1.08140586805135	1.67853779595098	0.21049454544421	3.15843116444059	1.99773787612298	1.49699221792872	1.50400098148099	5.02408440076491
TCGA-62-8398-01A	2.38924807635359	1.72561742447067	1.27516247097199	1.84415080898416	0.572797328988803	4.33124106357831	3.12993948512584	3.57213085096611	3.53867217189654	6.94353118115806
TCGA-55-8208-01A	3.36140170992598	3.71658154298578	2.45046408149262	4.28148495440707	0.89195202050256	5.38742739400332	3.13191442709144	2.90232416970816	3.55802195794647	7.48904921809023
TCGA-78-7536-01A	2.45107967709903	2.13427718236885	1.23529229233768	1.60292496331283	0.380654119808121	4.23602980783053	1.0272838757027	2.205131620347	2.53764838213836	5.2199493125709
TCGA-69-7979-01A	1.6404315425026	1.16484340792125	0.979163468355263	0.824156737223049	0.501541819734889	3.23926184738117	1.63826668328426	2.43331638644976	2.60630213104245	7.09214075785752
TCGA-97-8172-01A	3.66055793521127	3.1997762236888	1.91048185505534	5.18376038430764	0.578336196388494	4.38392426579903	4.01493437093427	2.8957934169986	3.71185290866335	6.80470350183683
TCGA-50-6592-01A	3.04293766488556	3.49769451545199	2.70971386033575	2.42524159105386	1.03613550093077	4.75869159976448	1.6860205178363	2.84285275982047	3.03043078694639	7.51557011112919
TCGA-73-4677-01A	1.99984511872062	2.19318689772895	1.2551892813811	2.10190439215896	0.277755931545271	3.41968543716567	3.23952726200021	3.23526778291374	3.59349679473685	5.25803981284223
TCGA-55-A491-01A	2.06894041047337	3.44394649768979	1.19197508274784	3.02284948583361	0.337543556326193	4.2887005422522	1.79596440120214	2.22672510017453	2.62186524889671	6.36420768343906
TCGA-MP-A4SY-01A	1.7855014305831	0.745644457279091	0.912485951376336	1.50922375846853	0.293735045539088	4.0372941582591	3.35171631973959	2.56087725432491	2.64760795416963	7.92707292263312
TCGA-44-6147-01B	3.03502110693098	2.55599043628829	1.7924764170047	4.07826909946252	1.08076892502394	3.87723277993987	2.18962298673327	2.66384115665166	3.5401053795253	5.80520761200519
TCGA-44-A47G-01A	3.61358124641554	3.15097498633923	2.08803747721411	3.79376108884681	0.59961144029347	4.40154121897334	4.24556127267503	2.32726412378597	2.87058902151957	7.19682156340883
TCGA-05-4389-01A	3.21723237217793	4.45702534659828	2.20903834044318	1.96902926544574	0.529573311886194	4.50550468004272	4.88309743698003	2.69997643037133	2.56085934460774	5.46919196737549
TCGA-44-6774-01A	2.34667169774226	1.20902304343834	0.990942702057297	2.04181220636787	0.416492386335133	4.16406440317024	2.42809734441681	2.60108096753522	4.03618182860863	9.24991728896949
TCGA-95-7562-01A	2.06031825323606	2.07050323957491	1.40605876533843	1.4371875872206	0.268846640196562	3.57937701130925	1.83237741473798	2.31215092379517	2.87250203148707	6.55548044643013
TCGA-86-7714-01A	1.93888181508439	1.30994924475576	1.05963357378634	0.999429329473312	0.105563508177498	4.19529338931609	5.80922392725551	3.02468458465603	3.16226678440706	6.36513453567993
TCGA-99-8025-01A	1.74079538241795	1.08743756551056	0.971652493128618	2.4894575492899	0.193278709175599	3.40166374908135	1.73894021988681	2.42360683152618	3.50824028630928	6.831879222721
TCGA-86-8076-01A	3.23639059833153	4.12745839830988	1.71906115532177	3.66601883455291	0.503291575415545	4.29175458199079	3.92448368476972	2.9215164253754	3.33162111740644	6.41574378406872
TCGA-86-8359-01A	3.23592981009712	4.23087733305114	2.45183927475541	1.65343424225108	0.998811779127752	3.51978027596752	2.09254506545014	3.11494465015209	2.62084299070827	6.29231226368994
TCGA-05-4398-01A	2.66888013262016	2.32479062582293	1.48307060878227	2.53198943743042	0.39294827316934	4.67551245920113	3.58155065719423	2.36275700214835	2.8864295152335	6.93322971741074
TCGA-86-8075-01A	2.32087779987753	1.50195876834834	1.05496554137411	2.59930073726911	0.312250307698028	4.44664251272072	2.52433574245716	2.35516337611781	3.69315852939374	8.32980329204446
TCGA-44-3396-01A	3.1416695199354	3.28498425079668	1.81735153102966	2.79435351328451	0.453235633377867	4.62732558429903	3.13480011090562	3.10096763996445	3.07104905091702	7.81425739641745
TCGA-50-5944-01A	1.62672979474843	1.46355387517566	0.812029529267031	1.61591374904072	0.144966723960907	3.5386899547295	2.22611835362764	2.31944521508141	3.3937410895546	6.98059864533075
