B_cell	T_cell_CD4	T_cell_CD8	Neutrophil	Macrophage	DC
TCGA-MP-A4T4-01A	0.0825181304744224	0.16254153537157	0.197413378673993	0.144553308225069	0.052760107551025	0.543577629381474
TCGA-05-4250-01A	0.0605816714201513	0.130948221154641	0.203583348590107	0.147715846474436	0.067044648972531	0.520754829661686
TCGA-64-5774-01A	0.0635204921415335	0.121128895235417	0.120698572207584	0.105588085106135	0.0243837788064573	0.417451544803548
TCGA-97-7937-01A	0.0420184960109723	0.0997758656534229	0.146268078129779	0.102260784954842	0.0559862149098461	0.43500250214971
TCGA-97-A4M6-01A	0.0958655924573579	0.191349623218974	0.171962029298961	0.151841046890214	0.0548189517639113	0.547906208267934
TCGA-44-A4SU-01A	0.102783984535513	0.157647784863241	0.127078354693143	0.111248383672961	0.0240278944257837	0.473413184213662
TCGA-78-7155-01A	0.0422317280687377	0.0895329969416725	0.1802963129176	0.0940858001199256	0.0654966699193732	0.416179802945585
TCGA-78-7163-01A	0.0769563217653886	0.105967343573829	0.148037464673504	0.0865438267150084	0.00704712795428747	0.442406313040285
TCGA-55-7574-01A	0.130969817561237	0.188625185695641	0.206971857430081	0.144486869415069	0.0706996422993668	0.524499824424678
TCGA-78-7535-01A	0.0463738616956468	0.123901978045724	0.105272215696536	0.112836724358659	0.0553945355563044	0.45536960014883
TCGA-55-8619-01A	0.0938319198069575	0.163440445217008	0.187070322137992	0.146292584836177	0.0746113388215795	0.519891915364439
TCGA-95-7567-01A	0.0734207357038746	0.142353209067972	0.146222598326585	0.120345236729088	0.0384834939256166	0.49642194854963
TCGA-44-7670-01A	0.0778755888956536	0.116726938627905	0.153971609539732	0.118751931159334	0.0485768398255905	0.477397860756198
TCGA-NJ-A7XG-01A	0.0567971936962052	0.138983354997951	0.088809104544289	0.0873376112804643	0.00975725206953211	0.429502718540958
TCGA-44-8117-01A	0.0450323949785448	0.128664807837554	0.157104468524775	0.110972506016721	0.0666389268864253	0.46661547499849
TCGA-62-8402-01A	0.0528274194708607	0.16725356675353	0.167943189239672	0.151305631800265	0.0350507912549798	0.509734870658116
TCGA-49-4507-01A	0.0676391750480178	0.107425270204319	0.208332574130359	0.117658374148131	0.030405423185355	0.478928454842568
TCGA-J2-A4AD-01A	0.0540505291438917	0.0983599064770633	0.130695023476322	0.10713730547132	0.0523457994111179	0.431319164489469
TCGA-55-A490-01A	0.0562740835244139	0.124184211464804	0.11953495567136	0.100447663823953	0.0430105508226489	0.474043557796003
TCGA-67-3770-01A	0.0460379450762081	0.0951701418827815	0.204530170548779	0.120795359935822	0.057128398894185	0.501797614529701
TCGA-55-A48Y-01A	0.0647677794090505	0.118174664065072	0.141563412973658	0.109617478125393	0.030753779779571	0.458961553203811
TCGA-44-3918-01A	0.0836024136908663	0.113525269943223	0.228511495527474	0.150124801409784	0.0637728503833996	0.511831571854183
TCGA-05-4249-01A	0.0847923228526616	0.160094700639187	0.14196849328642	0.1391044414217	0.0551555863063809	0.541640774885446
TCGA-67-4679-01B	0.0559681816017413	0.146849893823334	0.158547790962123	0.134041935344937	0.0578869769714192	0.500294654918997
TCGA-55-A494-01A	0.0372722923803433	0.123836271837593	0.0944557644453032	0.0769664828923818	0.0394616291441698	0.381600081454257
TCGA-64-5778-01A	0.106111487819854	0.127819965506503	0.215867313970678	0.129475912166158	0.0426108078115744	0.521174712377553
TCGA-49-AARQ-01A	0.0570448447883977	0.103366927723874	0.140673221227924	0.0981582677970878	0.028680632686774	0.407902154973257
TCGA-95-8494-01A	0.0486068066869608	0.148322197391732	0.0946822623508715	0.133700010212423	0.0178445828987247	0.53507500097897
TCGA-55-7726-01A	0.0547763900830928	0.111562285456436	0.157522093434676	0.133703765936104	0.0457846939960312	0.5033361756444
TCGA-78-8660-01A	0.0755094384108582	0.157478944413548	0.190751302575204	0.132436545231847	0.0551956263902427	0.523200662822646
TCGA-49-4490-01A	0.0552135466094342	0.136720538229452	0.141695458971235	0.109083133606754	0.0390497254868263	0.471359000168663
TCGA-J2-8194-01A	0.0458566845840933	0.135634597281547	0.155769666011699	0.147312300274747	0.0644562420971909	0.488597212872958
TCGA-44-2659-01A	0.0822156104510235	0.139708924491076	0.195821339143359	0.113169237830024	0.0464573735933061	0.501087597887141
TCGA-78-7633-01A	0.0393429678642136	0.105552427446239	0.140307003272087	0.0911650976120363	0.039728746077764	0.419909816169804
TCGA-55-8299-01A	0.0703625965271043	0.158762441870918	0.222040330338658	0.160843445794947	0.0613822693111476	0.543671422495236
TCGA-67-6217-01A	0.0958438952169597	0.153822368361013	0.184302022966517	0.124412320953494	0.0462801417137691	0.52233241139578
TCGA-67-3774-01A	0.0803876998687448	0.145930936530875	0.190605082964676	0.132479789219025	0.0647785981209725	0.506389582484117
TCGA-MP-A4T6-01A	0.0794167320487167	0.167733291236552	0.15234060044716	0.122652753882693	0.0301298835931515	0.50225665512818
TCGA-50-5942-01A	0.0834997665607029	0.150172762678416	0.16950092595338	0.108212843395812	0.0485390213704068	0.480476150011144
TCGA-55-A48Z-01A	0.0794888271376462	0.144456959538033	0.138173751561925	0.125478058441833	0.0433256590788392	0.506824362258546
TCGA-99-AA5R-01A	0.108339854599423	0.169355617071433	0.212582229844736	0.14787557320194	0.0634433485760526	0.529953777632429
TCGA-86-8280-01A	0.088201012537727	0.180783620335284	0.176137912151402	0.141373011289591	0.0548998334049585	0.54911190431212
TCGA-83-5908-01A	0.0695195628932133	0.161653853734559	0.242393254517103	0.169862060313145	0.0593323574739406	0.549464002598344
TCGA-78-7146-01A	0.0484553166563046	0.111359395476746	0.163466704229541	0.128119017521988	0.0366632821622586	0.515154941445404
TCGA-95-7948-01A	0.0713545766679146	0.102383192697097	0.160678010526261	0.103542859364211	0.0508463875429138	0.450850211122163
TCGA-55-7570-01A	0.0731176780330494	0.0822267353525478	0.170096405342549	0.093226783595202	0.0483691822394735	0.411142921362485
TCGA-50-5072-01A	0.0503152309885319	0.131533450997111	0.138936567205951	0.12262350791944	0.0536790247423158	0.471050695207246
TCGA-91-8499-01A	0.0799845007782721	0.0998483896578307	0.183405638577521	0.128605170842554	0.0694444314015325	0.473470760949935
TCGA-49-AAQV-01A	0.0886574641593321	0.160989919877409	0.126078735789956	0.118647737330196	0.0275830531096205	0.479515125265337
TCGA-86-8671-01A	0.122326402193925	0.204211913904172	0.220006184492789	0.162761567321832	0.0685530074166227	0.585765683462527
TCGA-91-6829-01A	0.0520345125912039	0.126733872046808	0.174489083799246	0.132120904287237	0.10970910401599	0.479010328994016
TCGA-05-5428-01A	0.0386652124621988	0.056994936556857	0.175697397117234	0.123503321104913	0.0539070494744704	0.454531912624848
TCGA-91-8497-01A	0.129450432389067	0.183219731234128	0.161234927294251	0.129209086721178	0.0574511267966858	0.536403696071343
TCGA-78-7145-01A	0.0466008098922096	0.139668725402441	0.112675180911433	0.130870696820131	0.0486566982421617	0.516264599393874
TCGA-69-7973-01A	0.0778290597400863	0.129401176218154	0.160332456120492	0.115703252894726	0.0744479178970204	0.447930250825218
TCGA-80-5611-01A	0.0556726508033664	0.1459031620134	0.150359014191549	0.15352330621262	0.074745362355846	0.542049029183892
TCGA-91-6849-01A	0.0934856877215631	0.11072864724006	0.183953747662888	0.127730851221199	0.0426823239131119	0.516671373637751
TCGA-49-AAR9-01A	0.0300399308149278	0.116170288411625	0.111752733278401	0.0957977414189036	0.0221026548533464	0.44319860896312
TCGA-86-8669-01A	0.078821016613416	0.141252562332502	0.16806177549129	0.116867273781546	0.0593797723656295	0.489927112931478
TCGA-86-8279-01A	0.0595033261640113	0.129745423596563	0.105218490314892	0.114100728918318	0.0427135646510169	0.479629473711075
TCGA-75-6206-01A	0.0447625631900343	0.132292110385587	0.144301690221264	0.124971714776808	0.0717634592237828	0.503267482133596
TCGA-75-6214-01A	0.0317756524532797	0.105047705910683	0.118372879270709	0.110681319031472	0.037851041292107	0.421960208234781
TCGA-49-6744-01A	0.086597895505806	0.156363644269015	0.195938897203956	0.146510830105402	0.0532062834256588	0.562773897661581
TCGA-64-1680-01A	0.0731887568583778	0.0905087652705562	0.154629181927586	0.10064920191821	0.0490874104465523	0.436982409145972
TCGA-55-8091-01A	0.0666383298799071	0.142056896124663	0.163033167293589	0.150594490742401	0.0598549088429461	0.524676331239668
TCGA-44-A47B-01A	0.0476026030206668	0.143663980350066	0.180981451609701	0.12701476228295	0.075369031533586	0.490477780508216
TCGA-73-4676-01A	0.0471796031693664	0.0937677035881081	0.160204213902352	0.126102476186367	0.0689568927397297	0.483137380831463
TCGA-55-6982-01A	0.0799650242192457	0.131857391320871	0.142249161114046	0.131270483452316	0.0579459336015751	0.525016638027919
TCGA-4B-A93V-01A	0.0688495823935334	0.0922633792874612	0.146617728731768	0.0983759924496112	0.00946874727398052	0.421206539621235
TCGA-62-A46Y-01A	0.0759205229157732	0.150706771969183	0.165406855786468	0.14102625183546	0.0629995161220174	0.524093829885888
TCGA-78-7160-01A	0.0784299128930781	0.148614063811741	0.228080805655293	0.147920536198362	0.0758510936228159	0.547528374875373
TCGA-44-2656-01A	0.0883400770783899	0.119599635632453	0.245191508169054	0.147125464813754	0.0771628594393119	0.526376556263747
TCGA-75-7025-01A	0.0990910898918819	0.15554284405523	0.166139821492225	0.126220430415222	0.0475085287061892	0.513143913864579
TCGA-L4-A4E5-01A	0.0575755024021156	0.128864790648431	0.122474644410643	0.097182850900717	0.0298442231755387	0.429687048567698
TCGA-50-5051-01A	0.0801670645578252	0.116884420315314	0.0923026794536259	0.0909631995085216	0.0212035450544853	0.412429609927285
TCGA-64-1681-01A	0.0692241620505669	0.144132566050312	0.141139963513439	0.125373222157733	0.0409759014745728	0.51464089349974
TCGA-78-7161-01A	0.0361123044585916	0.124443134753039	0.111818401650353	0.0995144100474673	0.0355326393628922	0.373246633473369
TCGA-05-4426-01A	0.0500799585527068	0.150199685820959	0.142618495446457	0.133537072591368	0.0493316287469362	0.508024767318445
TCGA-50-5049-01A	0.105172354541914	0.153974697058693	0.229103485064734	0.159872851932691	0.0790009987327539	0.566191146080226
TCGA-44-8120-01A	0.0691472363593657	0.148538225355219	0.167089620945925	0.131258765280404	0.0653807775180443	0.499932608765989
TCGA-86-7713-01A	0.0477406172868225	0.129895476867258	0.138035981465701	0.112660951409845	0.0409266332806384	0.44437891551399
TCGA-67-3773-01A	0.0592292230891723	0.118296729995424	0.178732044438937	0.133007173993164	0.059523548805595	0.500868633233858
TCGA-44-A479-01A	0.109513185175553	0.162693406363888	0.208012713155485	0.143519188366358	0.0735103479772372	0.514309948709252
TCGA-50-8460-01A	0.0807187854629886	0.154304160621128	0.159039633277428	0.119232032731024	0.0299289214068812	0.519977778221466
TCGA-05-4422-01A	0.100188958941086	0.146160060827185	0.191509936039032	0.120969588076074	0.0618876985459408	0.496959983715737
TCGA-05-4390-01A	0.0594492901138232	0.115259971740449	0.118684648215019	0.116238670431243	0.0557522611082165	0.446192986138054
TCGA-91-6830-01A	0.0699643776579855	0.136736052578246	0.208789557042784	0.154683607940739	0.0814816153762806	0.511304826115346
TCGA-50-5068-01A	0.0945733395011001	0.108918375768248	0.202502075125475	0.146596234860932	0.0455884328535505	0.514303266567297
TCGA-44-7669-01A	0.0792646160940947	0.134174715471234	0.191556488998206	0.142590566503991	0.0861596322237216	0.498392359427165
TCGA-50-5066-01A	0.0899867264781427	0.0748171613554015	0.22847219473407	0.139447182839183	0.0552848642483646	0.501155976431787
TCGA-64-5815-01A	0.0609998444582063	0.159125075197914	0.13613127159622	0.138695642983977	0.0536327632445086	0.566553939056958
TCGA-50-5939-01A	0.100007969218146	0.152122150508125	0.142681847944298	0.148225041705898	0.0644994567406904	0.52269486462518
TCGA-MP-A4TA-01A	0.0675561684712797	0.127879672575958	0.160973326844274	0.128965502204518	0.0457396454433839	0.480923478252191
TCGA-97-A4M1-01A	0.0564012827178579	0.149359858362919	0.155996975031052	0.124320609169424	0.0573893581737636	0.505851800562069
TCGA-44-5645-01B	0.0937451214699923	0.170072095546799	0.199264671287901	0.132611136322151	0.0668593339944708	0.495952727715116
TCGA-64-1677-01A	0.0908587558813008	0.108204731683001	0.164086776020099	0.117654922413829	0.0125528582010263	0.457378066907255
TCGA-44-2662-01A	0.0553994572485613	0.128378499123754	0.138348106538092	0.158329185760958	0.0847940302133895	0.500341637067577
TCGA-44-6775-01A	0.0799832072198491	0.161483550742721	0.139403864443864	0.153479374406533	0.0652493176503822	0.565343729656554
TCGA-38-4632-01A	0.0620676816223762	0.106220856195329	0.190097957355733	0.139751281206199	0.0360606250507347	0.549442451170557
TCGA-55-8092-01A	0.119136500185658	0.151627747911953	0.181885152778906	0.13135077587236	0.0436364099863926	0.476998564978133
TCGA-MP-A4TI-01A	0.0658088150668504	0.194737367625798	0.20483298124079	0.173352083549175	0.055209194102484	0.609779628752585
TCGA-05-4418-01A	0.0784543070036603	0.126864121023989	0.159297409698826	0.130095657702285	0.0250409878531965	0.4930568294406
TCGA-MN-A4N4-01A	0.0676325773712061	0.131243994925951	0.129057617756677	0.125334941557976	0.0599122789741029	0.457879800419144
TCGA-55-8507-01A	0.0481715529150231	0.14115369003007	0.111148517008122	0.132210474658411	0.0559401317811218	0.445933767715133
TCGA-86-8668-01A	0.0986646233089547	0.167622947117028	0.167401262526179	0.129335941855839	0.062383765614201	0.525627795345202
TCGA-05-5425-01A	0.0672282255424061	0.126728632401231	0.205421671277994	0.159515434283254	0.0684674793506067	0.519544848693087
TCGA-49-4510-01A	0.0620307921329518	0.0927419062265959	0.1489162215307	0.0946304043880057	0.0457968579143954	0.426711410683273
TCGA-55-6979-01A	0.0829045937918589	0.169797200430596	0.182431872708076	0.162960174996372	0.0813525440490201	0.545149425974147
TCGA-78-7158-01A	0.0481447658278886	0.138922257332857	0.126739348772948	0.104531954151964	0.0363030531535928	0.474746093712295
TCGA-44-6775-01C	0.100798884384315	0.136265403448597	0.219777479917389	0.156184905219338	0.0827178318854101	0.499633796755942
TCGA-97-8547-01A	0.0379825254012239	0.158014404668151	0.102012273848134	0.125309176160755	0.0408560617449816	0.525707775223601
TCGA-78-7153-01A	0.0745570415906792	0.103599042363145	0.143393410519517	0.0781892829491853	0.0293532617845747	0.414604776529085
TCGA-35-4122-01A	0.0710022251788752	0.0778073235196784	0.214515115678044	0.149265773669416	0.0531679718205624	0.538851891345981
TCGA-44-3918-01B	0.0701899476819947	0.154860030426527	0.219975589547389	0.149959719637951	0.078022990377201	0.486144932288032
TCGA-49-AARE-01A	0.0712321994831991	0.126058053378542	0.120237025367014	0.0998123555216974	0.0284300288612591	0.43849899937436
TCGA-49-6761-01A	0.0648983216671169	0.122714571562254	0.177622708807541	0.127326243414406	0.0310748656325345	0.507190087983893
TCGA-91-7771-01A	0.0845679966396772	0.160548122850764	0.210797231457581	0.141786485403778	0.0851994121091451	0.518735175166269
TCGA-69-7980-01A	0.0610212125690528	0.149968873836578	0.189681500927216	0.139198724407606	0.0679021014636723	0.507337243131843
TCGA-69-8253-01A	0.0774416211992522	0.125389393798412	0.128098544444826	0.104841932629715	0.0284172354087431	0.462971412532719
TCGA-95-7947-01A	0.0938463868771637	0.144616929440014	0.177534205702645	0.134487292353869	0.062331801190792	0.501443195829678
TCGA-62-8394-01A	0.0560372012487765	0.145757952432105	0.133575657020004	0.12302038215891	0.0423113901110114	0.488665643989543
TCGA-55-8616-01A	0.0936365297819333	0.150435036977591	0.1338561273631	0.105512689779757	0.0512038461578263	0.44178375066585
TCGA-49-6743-01A	0.0696508926620532	0.133892015493229	0.168885260368387	0.143080273335946	0.074414325467712	0.488304188955614
TCGA-49-AAR4-01A	0.0793749791709102	0.163165059221316	0.233830399791786	0.133316167025636	0.0387985379465331	0.517052742493714
TCGA-38-4625-01A	0.0698989146190906	0.107296736210538	0.176745568321003	0.14898333434626	0.0715690901741809	0.49863607686447
TCGA-05-4417-01A	0.078017456517366	0.151643912488812	0.183599040967232	0.139639444777188	0.0460412845097197	0.541646973244939
TCGA-50-5045-01A	0.111957645596984	0.146231387549601	0.188116266018645	0.153771596706944	0.0534135169115513	0.568134921526181
TCGA-97-A4M2-01A	0.0821151244038459	0.168622197417881	0.170878885249655	0.146055710853817	0.0768581028616236	0.545048815484044
TCGA-97-A4M3-01A	0.0471341597836237	0.123898858452348	0.118175353087362	0.111479251377103	0.0258859020798939	0.430997174952582
TCGA-44-2668-01A	0.0423094656781152	0.141247462226132	0.169241952069469	0.175751103720206	0.0352953339298589	0.531115694203632
TCGA-71-8520-01A	0.046592374287769	0.150195449307249	0.124042236172238	0.131125469238445	0.0461072908858069	0.501394197238764
TCGA-75-5125-01A	0.0676995414298991	0.14659137417854	0.197762876368615	0.151351211933907	0.0616800345397448	0.5563111146881
TCGA-49-4512-01A	0.0595182632280851	0.128010763492531	0.1052770124293	0.109178082181945	0.0395129619814628	0.480854349078593
TCGA-86-7711-01A	0.0496328793933642	0.110083085449953	0.144680481239292	0.163214894052861	0.0644987781555651	0.481977306329123
TCGA-44-2656-01B	0.0798174981226504	0.128871189672065	0.256913002252935	0.13899751842421	0.0889750646935117	0.485979057815045
TCGA-L4-A4E6-01A	0.0602114154611138	0.150775903738545	0.179854166511103	0.149686564912181	0.125472126285156	0.540993764445517
TCGA-49-AAR0-01A	0.0902253524650344	0.14735763136645	0.149173053708696	0.120507090041699	0.0553586414561309	0.496842244529241
TCGA-50-7109-01A	0.0760572318698949	0.13088677332793	0.173276263380578	0.125772706238987	0.0594437737963257	0.443767718126173
TCGA-L9-A50W-01A	0.0714664099549455	0.151567524717359	0.133214801440434	0.117474665876032	0.0447605932793825	0.487584164948547
TCGA-55-8094-01A	0.022230524856306	0.0836956799312896	0.102624349598991	0.063622495777105	0.0397588063140214	0.335593613151002
TCGA-05-4430-01A	0.0608891506051524	0.132199606648571	0.172151687259654	0.145052795594825	0.0595761757286946	0.543217375448719
TCGA-91-A4BD-01A	0.0526403256930798	0.125425086817518	0.123530738440942	0.123506976153195	0.0440253281872889	0.485048136059757
TCGA-78-7149-01A	0.0592124827451895	0.100483447113794	0.150532413921295	0.0856128692658018	0.0196368282584261	0.407301892668326
TCGA-55-7724-01A	0.0730420359696916	0.0961569476167843	0.23320399951279	0.148220713719096	0.0837615456373561	0.497667103823453
TCGA-50-6593-01A	0.0700349363509985	0.149116747599175	0.126633450687651	0.135365544299602	0.0594631085481403	0.538198329289167
TCGA-86-8674-01A	0.0391140882018234	0.108946612517763	0.0873150977637112	0.0819243920254569	0.000450464450596667	0.389516803510979
TCGA-49-4505-01A	0.0702050394098281	0.117431399977504	0.177218277285941	0.134719407793619	0.0347710750992051	0.532668624379416
TCGA-05-5420-01A	0.0888484035669384	0.107112508656672	0.201914629559673	0.154130162916821	0.0435305480395833	0.546279327586901
TCGA-55-6983-01A	0.129646368773724	0.155739977967827	0.188335285372644	0.130735600143854	0.0528986408242437	0.52131798966684
TCGA-44-8119-01A	0.0575827148186717	0.124051118423109	0.176776885747253	0.138009236877808	0.0781512808389776	0.468398605028864
TCGA-55-7994-01A	0.0843811567548744	0.151988746840548	0.21988058141436	0.150381914700072	0.0659533952468866	0.56663303684837
TCGA-55-8508-01A	0.108603838673628	0.112531630214021	0.130573426132977	0.116865060944429	0.0311559178512318	0.42818330035634
TCGA-73-7499-01A	0.0872934462571218	0.128318178996193	0.200145493027863	0.132860590396392	0.0444034173407288	0.525390958408809
TCGA-50-5933-01A	0.0561722794314891	0.142610501963673	0.176468825430542	0.156939158143969	0.0811714890561059	0.568132918873353
TCGA-55-7573-01A	0.120763068370997	0.182915059972189	0.167290672198451	0.140163158440547	0.0521292611648419	0.534973944858695
TCGA-91-A4BC-01A	0.0884476523371045	0.148340392261164	0.237876937221878	0.130833844439367	0.0599566643230413	0.471955495886628
TCGA-78-7220-01A	0.0417698189383921	0.1121289554393	0.172458606416108	0.10887062071641	0.0635520782004639	0.430595688855499
TCGA-05-4382-01A	0.0912579831357964	0.142095331311166	0.153738177065859	0.156123278867995	0.0842771858549532	0.530457468755519
TCGA-86-8278-01A	0.0769436755483045	0.153307966226892	0.136945510333153	0.141117409585885	0.0572395658528932	0.496957696674366
TCGA-NJ-A55R-01A	0.107880194411768	0.128326572985798	0.125888956126183	0.0915736686443405	0.0399627930906399	0.418120865959716
TCGA-91-8496-01A	0.0522700268986386	0.108074854218995	0.181350258017462	0.136111548883068	0.0548494510757621	0.526406127001946
TCGA-MP-A4TJ-01A	0.112399010616623	0.177979717508932	0.2255465812275	0.168077405128824	0.0562891960360146	0.554985289293695
TCGA-69-7765-01A	0.0863972281098874	0.126770004312589	0.189512938056262	0.133370528624288	0.0583148508759902	0.514968235474749
TCGA-64-5775-01A	0.0293062689222493	0.120676771703863	0.128810207040015	0.123026181515359	0.0831084755527621	0.479194351174671
TCGA-44-7661-01A	0.0549716049571939	0.186172530727986	0.159147111683006	0.163031030724666	0.0570679144697671	0.586190306686918
TCGA-49-4486-01A	0.0496255361741634	0.0824000317126784	0.113553941772758	0.0661139490274559	0.0152172076069417	0.373921979397477
TCGA-05-4427-01A	0.0632148501609488	0.13487208138115	0.173096413599243	0.138839776589759	0.0650879058984905	0.524328309109946
TCGA-MP-A4TE-01A	0.0602890899017946	0.0826730509392266	0.0988694644992726	0.0893154704321698	0.0223682297151646	0.355550636305289
TCGA-38-7271-01A	0.151917629863102	0.182337002092718	0.230943141493816	0.149873216091749	0.0641230123143939	0.56021463303494
TCGA-62-8399-01A	0.0445747824618789	0.122284877595488	0.158704570330999	0.13307438889075	0.0584954646388043	0.453707823807908
TCGA-49-AAR2-01A	0.0826828591064661	0.122999974717922	0.117436586857357	0.0891948392866279	0.032386558096784	0.393290928811806
TCGA-86-7953-01A	0.0738924402644142	0.171184070493181	0.158340011631953	0.161390633824125	0.0647597232197799	0.539726305812713
TCGA-69-8254-01A	0.0921471956936951	0.145570812725739	0.168538339816603	0.131776947703132	0.0500472229941573	0.503988013179636
TCGA-86-8055-01A	0.0759266931553446	0.145673759834196	0.15992344219258	0.150220327579698	0.0614998023037231	0.539772321127093
TCGA-55-5899-01A	0.0491226984649071	0.105603758038995	0.190256321524846	0.122622717409915	0.080459024255633	0.466275882476916
TCGA-78-8655-01A	0.0684427006775755	0.157052978954722	0.157295512221924	0.143162379880787	0.0606371898264359	0.521109031272352
TCGA-05-4420-01A	0.0550297014552954	0.0849694301438521	0.131161279253632	0.119329623102003	0.052609351760741	0.393677383312958
TCGA-49-AARN-01A	0.103425047423512	0.162358934566532	0.120752418878601	0.119860886164879	0.0345136224624358	0.483254963117554
TCGA-49-6745-01A	0.0607884173640373	0.156727389543415	0.200404036943055	0.151438020143406	0.0616663503240973	0.570201506590135
TCGA-55-8505-01A	0.0625954226544633	0.133534806110114	0.0986785693676447	0.118534852739439	0.0539611456829157	0.438083375885897
TCGA-99-8028-01A	0.0894495157052905	0.160247192342963	0.205390344835893	0.151959485823389	0.0627429030622867	0.559965266869367
TCGA-38-6178-01A	0.0752769714750231	0.153208700828106	0.154820022440893	0.127298099609477	0.0627650394974948	0.493103808752324
TCGA-55-6987-01A	0.105494571277881	0.141521562392731	0.228580384661993	0.152998180094358	0.0604592362087046	0.525989064582411
TCGA-49-4494-01A	0.0421880356370878	0.0974422969327274	0.149968348183864	0.11909452023543	0.0297276827774032	0.484119257568704
TCGA-55-6543-01A	0.0490576074184926	0.13861478912255	0.133025073174413	0.146139074124421	0.0692525134611511	0.502793328918458
TCGA-64-1678-01A	0.0503092619264066	0.0432642419789517	0.147122464251116	0.0720294570054788	0.0207668061755601	0.338268017393476
TCGA-91-6835-01A	0.12450728628279	0.202319831819216	0.239542559351264	0.168190129242227	0.0885824024747037	0.599918416347131
TCGA-S2-AA1A-01A	0.12821400379204	0.180580478578307	0.168463006763135	0.127733542102321	0.0243271793336037	0.534776131258588
TCGA-69-7761-01A	0.103114248318502	0.17092128864746	0.191995159913384	0.154567443557602	0.0535904328498013	0.536197022496417
TCGA-44-5644-01A	0.0459575386014962	0.101821545284317	0.135741220856268	0.0975941127198037	0.0377863157231148	0.395567886321084
TCGA-49-4506-01A	0.0554669609417604	0.0845341961684316	0.182389805212984	0.107537257405721	0.0107128282625565	0.453055206607929
TCGA-MP-A4SV-01A	0.0845271401259547	0.166343499168676	0.18991473399483	0.139340217322054	0.0483248738579812	0.527607231671776
TCGA-53-7626-01A	0.101470883314105	0.159408662690245	0.221348093392322	0.166987468861836	0.0716112878183492	0.551292495404015
TCGA-MN-A4N1-01A	0.0378297229618652	0.119015331682042	0.0907839080052165	0.087622056093533	0.01625025711535	0.439140017788862
TCGA-35-4123-01A	0.061085289645583	0.132321826488342	0.231278859946758	0.150004320500736	0.0403643736826469	0.567683044358437
TCGA-55-8621-01A	0.0845811018475224	0.152618548347026	0.200102418783344	0.154021437971536	0.0786676189865981	0.545983112218681
TCGA-69-A59K-01A	0.0878590370284493	0.12767521781799	0.178218176058687	0.130135554184323	0.0651009738278821	0.485009116229157
TCGA-49-4501-01A	0.0917744244873478	0.137814750424457	0.182390356425836	0.125632912353766	0.0398704049751738	0.522353442627351
TCGA-44-2655-01A	0.0920058625844369	0.146519928709399	0.138870537511498	0.121071763866536	0.0321864577192059	0.503768961873417
TCGA-05-4434-01A	0.0864983702183291	0.164849249948536	0.178552374424789	0.160191910316564	0.0604190422062731	0.5657702023143
TCGA-78-7148-01A	0.0454654781508492	0.125913049764537	0.174114904435771	0.107184030254959	0.0381032178749393	0.468980390677941
TCGA-44-6145-01A	0.106221288599182	0.141688865484654	0.222946148737579	0.157039388453326	0.0672755986949792	0.527729061637469
TCGA-55-8615-01A	0.0358985918906203	0.119679947311303	0.0973222222929814	0.0935337768931771	0.0386167561946699	0.415537186537979
TCGA-38-4626-01A	0.0296538774234422	0.140421145692931	0.155366697299315	0.169622065299684	0.10991855971834	0.529572783440029
TCGA-50-5930-01A	0.0953463141567585	0.122439104148005	0.174290403946409	0.115053652406217	0.0601000674634508	0.470911668935655
TCGA-55-6981-01A	0.0785687292563003	0.128534259362869	0.121896338412144	0.114429530874962	0.0376237766225758	0.491971401816922
TCGA-62-A46R-01A	0.0619917836978902	0.157730981613102	0.149410604692018	0.125386088074032	0.0401346042039066	0.518856514794449
TCGA-95-8039-01A	0.0768521053859836	0.174941728007049	0.154159535989297	0.137022921541575	0.0412508847455267	0.554384607724353
TCGA-97-7554-01A	0.084905995789158	0.134058027509394	0.159159523467395	0.131398476568484	0.0628784201831954	0.504376293433133
TCGA-67-6216-01A	0.0947549151172743	0.152736397477268	0.143145636612917	0.133579130335478	0.0504621746447627	0.524366962300406
TCGA-MN-A4N5-01A	0.0804296935162183	0.148470857274872	0.173346210333366	0.127687023561306	0.0595560436737091	0.481646727973149
TCGA-93-8067-01A	0.0496231663354679	0.11621746640632	0.147894849742188	0.114686780588732	0.0346977627223773	0.458706975004727
TCGA-97-8176-01A	0.066475725276269	0.121277965273743	0.141414588817272	0.125780542626424	0.0790731076320075	0.461675468424228
TCGA-62-A46S-01A	0.0581156918615207	0.136358208213022	0.152225593957587	0.116349995127763	0.0569841196480632	0.450884360079431
TCGA-55-6968-01A	0.0931633894651729	0.128350041106937	0.186449975175179	0.135746964583028	0.0593916159449132	0.509677539107096
TCGA-44-6147-01A	0.0995323224667288	0.149246640134243	0.166490115420391	0.129768781528965	0.0586125558245415	0.473069159760937
TCGA-55-8514-01A	0.0495394369246183	0.134447341593266	0.0981016638732838	0.110939923406008	0.050652034082055	0.444814962525832
TCGA-55-7911-01A	0.0688734110866929	0.164004253658037	0.203495935594103	0.144802388433533	0.048712688954947	0.528163911148941
TCGA-73-4658-01A	0.0641142717520179	0.142362524464307	0.192281041761923	0.153234932993249	0.0699450513487344	0.56375309594536
TCGA-44-6778-01A	0.105979236679148	0.17045689314181	0.227649773566725	0.173537998766001	0.0968708036172275	0.558470527656565
TCGA-62-8397-01A	0.0544795214622708	0.116220694834959	0.108860086050224	0.0847740485902025	0.0317344053476081	0.464064635925181
TCGA-50-6595-01A	0.0322467139097677	0.137800932006213	0.172582263004263	0.152462609513393	0.0472387183479284	0.527056877320156
TCGA-L9-A444-01A	0.0920197833039281	0.159252774519229	0.216428193271201	0.134748212227055	0.0523424152293084	0.516828253366349
TCGA-64-5779-01A	0.111548822455791	0.143361945963381	0.172137067029054	0.112800509595993	0.0385421427022433	0.435329081250476
TCGA-44-7660-01A	0.0815516457906605	0.101803652945686	0.145864777873429	0.111592024881065	0.062105856140371	0.44001563234791
TCGA-44-2666-01A	0.0501991590229208	0.115435400781234	0.132636915248728	0.102963221118379	0.0254989800385062	0.440806663193728
TCGA-44-6777-01A	0.0857187165045485	0.157426118866636	0.171145591607205	0.15547285875269	0.0875711169721995	0.591968962590892
TCGA-73-4675-01A	0.0550526683070046	0.13364834541256	0.104605167401482	0.108585925841801	0.0415064424143387	0.48863380149613
TCGA-55-7903-01A	0.046665443370003	0.137073829904216	0.173568962027881	0.131644032051412	0.0396528684429552	0.490700527207365
TCGA-97-7553-01A	0.0807516662306714	0.159108070720782	0.21396842720329	0.180859920095861	0.0968623394688563	0.569185186119133
TCGA-78-7147-01A	0.049259089955624	0.13293157648344	0.160247962134306	0.115385210336268	0.0305768704758714	0.490555153294784
TCGA-99-8033-01A	0.0584403662268766	0.128058887001081	0.18159237462783	0.142347327071844	0.0194158491931749	0.509681678744395
TCGA-55-1594-01A	0.0804334857358189	0.127564919607365	0.171500630004993	0.125498412617489	0.0689376975711374	0.47355928961778
TCGA-55-6980-01A	0.0549730225936924	0.167128422200669	0.163590623621063	0.142471678816991	0.0351825252505496	0.554678188166708
TCGA-95-A4VK-01A	0.100712372798995	0.171187704913808	0.161212480683428	0.118183050805646	0.0312016253618245	0.482563246770412
TCGA-55-8207-01A	0.0482785867153768	0.143061022452917	0.167825540139986	0.137715246572909	0.0676612662529461	0.534904433482822
TCGA-95-7043-01A	0.0564104413084867	0.0922214959163454	0.117215202287449	0.073217324943462	0.0521182361741965	0.356277824496479
TCGA-44-7672-01A	0.100158776929175	0.15880805961075	0.166339808286093	0.137547057018464	0.0416725254103001	0.548510912143302
TCGA-44-6146-01B	0.0614903235803508	0.136835270169132	0.197244022853495	0.125905748867311	0.0672042183899988	0.42889430389213
TCGA-67-3771-01A	0.0898774391211233	0.128427483129355	0.188820908959112	0.136478016774032	0.0742999052382574	0.512381478469227
TCGA-67-3772-01A	0.080800855653083	0.103679415263212	0.176496443456042	0.125169602065755	0.0402514581817852	0.520162578633941
TCGA-97-A4M5-01A	0.0710392153178226	0.14699085743604	0.176213775809101	0.13671997941745	0.0765343153738262	0.500094838947892
TCGA-53-A4EZ-01A	0.0845777342145903	0.106250535733513	0.128271797579224	0.0906391192234724	0.0422992459201209	0.41113166316142
TCGA-99-8032-01A	0.090438906366958	0.129666878167192	0.13141659526359	0.109034877388615	0.0459374396737458	0.442315301962974
TCGA-73-4670-01A	0.0540189566859498	0.0921265249176367	0.11512385399262	0.11942595191511	0.0402671596513633	0.437798638339501
TCGA-55-7576-01A	0.0691518554683372	0.146220767306456	0.160677302704229	0.127960591832389	0.05632965691484	0.519830322029618
TCGA-J2-A4AE-01A	0.0997268445835099	0.141112736219322	0.172059409994968	0.124953716625817	0.0373214703337352	0.503472624381702
TCGA-93-7347-01A	0.0903387459358312	0.182642546559521	0.203973189900636	0.140200499344433	0.0532509017605387	0.573626625251054
TCGA-75-7027-01A	0.0618193538388748	0.112934737862312	0.158219873169644	0.113838997502903	0.0556284033560703	0.458629717449031
TCGA-62-A472-01A	0.0605707692540494	0.150674877401703	0.174785997874342	0.131373479171054	0.0548195171960109	0.504736200448403
TCGA-78-7154-01A	0.0519297002232984	0.0984606847352859	0.184411003791062	0.108967683149792	0.0487430670691633	0.453498031257692
TCGA-50-5044-01A	0.0454019056436059	0.127073473045717	0.151582633897731	0.104761048147512	0.0317075270831829	0.499252689981058
TCGA-95-A4VP-01A	0.089945271191974	0.133337483630946	0.157125074804493	0.113578623330985	0.0338098085423537	0.457692709051603
TCGA-44-2661-01A	0.101127362115963	0.138200173269884	0.21203911517731	0.152320624373431	0.0631800387733888	0.558380074143858
TCGA-49-AARO-01A	0.0818399192348702	0.16334649509121	0.154569883985691	0.143166003196787	0.030829415323044	0.558027496105508
TCGA-91-6831-01A	0.079077476930914	0.118875884726875	0.157859948647663	0.137761562746894	0.0601513701528297	0.479768513092776
TCGA-55-6642-01A	0.105149259694266	0.11780815297695	0.190201092117507	0.125546107807777	0.0537852498963095	0.460217853380512
TCGA-86-8056-01A	0.0853336911460502	0.162155031784329	0.174107122586295	0.149059038055186	0.0765101842946581	0.535746173114955
TCGA-L9-A5IP-01A	0.0527578893493984	0.127603684385581	0.130707096212424	0.135853967102329	0.0337379687626998	0.441466724440984
TCGA-97-7546-01A	0.0919445250541235	0.154704052554461	0.203754323107338	0.144686897282419	0.0556145971202777	0.54068895972752
TCGA-97-7547-01A	0.0844979667196715	0.158289449731419	0.147598145301391	0.119505483554005	0.0590614998994568	0.488578345975967
TCGA-55-7914-01A	0.0919220349084309	0.155567559939569	0.160869733853428	0.120158236033095	0.0491346538699708	0.474970775603092
TCGA-78-7143-01A	0.0797150888585592	0.169481387929766	0.139685128827876	0.131145656402023	0.0489666096323797	0.538834930196225
TCGA-97-A4M0-01A	0.0807258724123865	0.180676888582552	0.170338952863632	0.142105811781236	0.0446698176919937	0.545108628094711
TCGA-55-8205-01A	0.0854330308040034	0.166289709446565	0.212926934645596	0.174294396411249	0.0867835836953464	0.59452348876437
TCGA-05-4415-01A	0.0284135199169759	0.103343578379603	0.182646281587614	0.12233720032252	0.0487513608026447	0.447896051163248
TCGA-97-7941-01A	0.0710669599034504	0.16324994115097	0.152361522432597	0.118246949243931	0.0608354428161728	0.494545370622834
TCGA-86-8585-01A	0.0787422234234868	0.156399202479388	0.17337792691611	0.127920950848603	0.0514502601333325	0.511226277159688
TCGA-55-8203-01A	0.109603110932584	0.154329580100453	0.154156344015193	0.123225961883691	0.0338621691394085	0.487746146544397
TCGA-71-6725-01A	0.0379700503714018	0.118788572337398	0.0963541508211435	0.104441444017464	0.049758331752123	0.437548763528318
TCGA-55-7816-01A	0.0436636529362127	0.156218342153936	0.193225724042081	0.153567836225008	0.0955566838300207	0.543673455334774
TCGA-55-6978-01A	0.0556125191088308	0.163491706519651	0.246798888364339	0.171689607354837	0.0701920142315041	0.583026948450628
TCGA-55-1592-01A	0.0579136332095041	0.125690165028249	0.149230125864247	0.136490803264449	0.090310292947115	0.474805815009472
TCGA-97-8175-01A	0.0550077653523566	0.148061723119319	0.139389436881701	0.142937686482716	0.0381104285311641	0.540152533078904
TCGA-86-7954-01A	0.0712033952977781	0.187942095953126	0.16403234905703	0.162374963484942	0.0730028457935804	0.54817770571313
TCGA-78-8662-01A	0.0422149555299158	0.108343640729886	0.114969661594351	0.0882796641892068	0.0304847957086333	0.41454803748353
TCGA-MP-A4TF-01A	0.0800463241175346	0.125491996275363	0.155706529109044	0.133716500352255	0.0290295704810553	0.454828107799088
TCGA-MP-A4T7-01A	0.0510843368036149	0.143236271331961	0.133640686169044	0.123344926300723	0.0471987244260691	0.480334607880093
TCGA-44-5645-01A	0.0985261967139462	0.184952603343707	0.164560453454346	0.129161283859079	0.037006106345026	0.54320151118484
TCGA-50-6591-01A	0.0231437131929722	0.116270469400946	0.0911126429750962	0.082814342008563	0.0470982429476608	0.365542045699312
TCGA-78-7159-01A	0.0818957431866169	0.117597419242793	0.146334907974848	0.127952082646694	0.0301222620010689	0.435619637550219
TCGA-69-7763-01A	0.0659894644509764	0.141034805969797	0.150290361707941	0.117611817585302	0.0545341948705235	0.466465718893355
TCGA-55-8085-01A	0.0840334291958259	0.136666438304352	0.176906045629135	0.133599601729221	0.0382980470126725	0.507940703097015
TCGA-62-A471-01A	0.0478960769731726	0.106371319714058	0.142963806816262	0.107463580783987	0.0232245915916416	0.396402650206683
TCGA-91-6840-01A	0.0816392492322746	0.151518826663814	0.177905097124436	0.123859219649515	0.0475299520265485	0.48028530640105
TCGA-44-3917-01B	0.0839701898933475	0.119726547633108	0.208118968630466	0.123854061909454	0.0841320028837808	0.430403392863962
TCGA-73-7498-01A	0.0720710812850514	0.17667319779671	0.1446409405378	0.113503695931663	0.0525526890943071	0.490516709989543
TCGA-55-8206-01A	0.0859277946688937	0.186286215444368	0.147755482997053	0.158788063939488	0.0684821212464083	0.566143435804257
TCGA-97-8179-01A	0.0438090661352713	0.127755315940085	0.126971137995845	0.109215999705685	0.0465655582028547	0.457920052098113
TCGA-50-8459-01A	0.0943738042844385	0.173645853002108	0.147299185535753	0.146018745787031	0.0775822992405799	0.55043332782239
TCGA-50-6590-01A	0.0974382652994295	0.154227386995053	0.168352040089517	0.142692997599584	0.0468449968670669	0.547606363510898
TCGA-49-6742-01A	0.037433604883605	0.105792362156401	0.137110221185854	0.0985293690503354	0.0453916788975523	0.420476695467242
TCGA-64-1679-01A	0.062136712674543	0.141239788173098	0.125653145656611	0.143430762970702	0.063888614456549	0.531677337935099
TCGA-99-7458-01A	0.0729515092118115	0.173840931499936	0.20844967324928	0.144216490387656	0.0537674421436348	0.568099622629738
TCGA-97-A4M7-01A	0.0902584747142418	0.180675510556983	0.156770097417405	0.141398025452641	0.0410400085027804	0.554045154590402
TCGA-MP-A4TH-01A	0.13867922465986	0.186095176047645	0.184465477307184	0.129411528571271	0.0496899217325083	0.52851581426389
TCGA-62-A46P-01A	0.0513247627167081	0.107613736254922	0.119179989794606	0.09811939812076	0.0384924658391946	0.393319075128784
TCGA-75-6212-01A	0.117162911377084	0.137303911022553	0.163712929734897	0.126324089875101	0.0528044254696061	0.548355454024781
TCGA-44-6146-01A	0.0476274012308017	0.119483380056198	0.137991549252608	0.104551567444574	0.0357127784840616	0.402114959977652
TCGA-55-7913-01B	0.0532785819104727	0.114697784473019	0.116546111927873	0.110504405785894	0.0323569880200252	0.423718088641702
TCGA-78-7166-01A	0.0539917637140079	0.106035247031826	0.104157806168856	0.0719886617168636	0	0.382490678313472
TCGA-93-A4JN-01A	0.106671379516124	0.176072693801648	0.140205414162306	0.13955268427036	0.0508557309849487	0.494329360598491
TCGA-55-6985-01A	0.0760196467408081	0.139517800946399	0.182646003253934	0.144658487949046	0.03873865022455	0.519560843251999
TCGA-38-4627-01A	0.0546710576640331	0.136219358566915	0.174279992517562	0.14467491152805	0.088893280153026	0.526325212471195
TCGA-55-6975-01A	0.0723931157566496	0.127793992293893	0.155768186100697	0.118514076532909	0.0402603049082732	0.486193892945208
TCGA-62-A46V-01A	0.0480224795994131	0.143463092328621	0.0892698676892126	0.111078049168796	0.0521076804069592	0.488551044070872
TCGA-55-6984-01A	0.0771910136862091	0.150878728878723	0.107187637327682	0.113013124285024	0.0104945450901973	0.437232738710402
TCGA-50-6594-01A	0.0549096589481463	0.108763029534737	0.155831798369712	0.113648528179005	0.0351285031967186	0.506570601703098
TCGA-49-AAR3-01A	0.0703791549980317	0.148174111417708	0.184128841601307	0.147231760573251	0.0397148127794155	0.532381814496547
TCGA-86-7955-01A	0.0405646460633078	0.088023612329726	0.122496964523146	0.0720162517948395	0.00433193120894699	0.371217388969256
TCGA-55-A4DG-01A	0.112054032976703	0.151862369202457	0.174741667050044	0.117307982446131	0.0645978099308791	0.475341183433671
TCGA-44-6148-01A	0.0903585524449238	0.137138993219831	0.182812998187141	0.129931564323524	0.0690810582057875	0.49928916401675
TCGA-93-A4JP-01A	0.0546527006494618	0.154016556022077	0.151812416536471	0.148609141459341	0.0861205088390434	0.504988394461425
TCGA-78-7150-01A	0.035704903647078	0.108297146081859	0.153586006825913	0.112294483027189	0.036592626336805	0.450235229412774
TCGA-97-8177-01A	0.0834447405212505	0.129782529602019	0.175564790389451	0.144841868238518	0.0614849491028268	0.544884662038451
TCGA-50-5946-01A	0.0444827456474078	0.117292152943357	0.12785154475868	0.100275981013253	0.050894449074026	0.405341461177362
TCGA-50-5055-01A	0.161769535858917	0.179376341748588	0.211978057180283	0.151642957171786	0.0374130973376952	0.586572542894655
TCGA-78-8648-01A	0.0869412648582663	0.151551250678172	0.214980313963084	0.150331152955081	0.100433896956885	0.546980877462301
TCGA-78-8640-01A	0.0784421301695068	0.108829469194272	0.155343810556594	0.115091869650119	0.0464286659586192	0.45999641417997
TCGA-50-5935-01A	0.0665836995955286	0.162485763642668	0.151004575845491	0.121820728363081	0.0267074169154306	0.542250183040104
TCGA-78-7167-01A	0.0488442525854	0.117083075863887	0.152250598955035	0.0907944945589153	0.0365318320994458	0.413669943885402
TCGA-69-7978-01A	0.0880844086522926	0.168867897046467	0.212474412945136	0.158404294525668	0.066360014126301	0.586453196633159
TCGA-86-8054-01A	0.0464065544482164	0.107193521483263	0.141506910417973	0.108778377044597	0.0716786198254907	0.418503751484031
TCGA-69-7974-01A	0.0699208485361015	0.145816535967962	0.185071170177815	0.154841800372663	0.0791223312780742	0.556828981115298
TCGA-44-3398-01A	0.0761297801497007	0.103260810204341	0.210186515445495	0.15135071027947	0.0512355790566399	0.562932131292785
TCGA-NJ-A4YG-01A	0.0592713748938127	0.156967135483419	0.118143699685279	0.121710308244112	0.0428325118001622	0.512866101616192
TCGA-78-7537-01A	0.0672483363528465	0.133464180262447	0.122734427883697	0.0888660608140949	0.0326425490988934	0.45244181378774
TCGA-38-4629-01A	0.0620929480290934	0.112623555467284	0.185934027080355	0.152480109630799	0.0636978437892605	0.539417065355268
TCGA-55-8510-01A	0.0726953560387286	0.153355881458773	0.175709277266258	0.137954705431704	0.0653120159926595	0.534985508899061
TCGA-69-7760-01A	0.0335926388278538	0.0939692932850609	0.0892427708371803	0.0800957822600426	0.0101853744757647	0.398948870111345
TCGA-55-7284-01B	0.0586413654794447	0.152955635208419	0.178899614781954	0.142935979780431	0.0799955218762898	0.525246597626133
TCGA-55-A4DF-01A	0.0806815106503173	0.157998443888554	0.183146927693608	0.149640104511646	0.0596477908525196	0.522599023610624
TCGA-05-4402-01A	0.0744751980325929	0.133384080126497	0.150480936065236	0.138016965157603	0.0600842333814092	0.51062810863235
TCGA-86-A456-01A	0.0485748466264666	0.142140873024974	0.166032325628565	0.146853884173971	0.0642792898224962	0.510703520478271
TCGA-49-AARR-01A	0.096597593011201	0.154861586933928	0.163738931472618	0.136870665718317	0.06716574722234	0.484094117473263
TCGA-44-7667-01A	0.0437747711737765	0.094060414911543	0.12697451183932	0.104323843040858	0.0373319398052959	0.438955139676986
TCGA-86-A4P8-01A	0.0606993321305164	0.186424059663901	0.236774859923774	0.16623203345752	0.102857108436835	0.558930710232856
TCGA-50-8457-01A	0.118934113534183	0.162991672818824	0.189736208048053	0.130168313247428	0.0561894572868996	0.518822179444486
TCGA-80-5608-01A	0.050744965469984	0.109911194514785	0.152873895255121	0.109031673820397	0.0476293756597337	0.421023267393611
TCGA-86-6851-01A	0.115230040874097	0.167327339621735	0.219991097368698	0.146609379038751	0.0647072349715461	0.541954976220282
TCGA-55-6970-01A	0.0770906785879636	0.14360015060898	0.179962507989888	0.136616007836647	0.0668852701095025	0.508914951965516
TCGA-05-4384-01A	0.0469279398633596	0.137377784639421	0.168313178589065	0.133831785566909	0.0869308620968693	0.492757029334583
TCGA-44-7671-01A	0.0525845183924223	0.0994080160211269	0.138747734257478	0.100197912529932	0.0465363518483907	0.452432157256619
TCGA-55-8511-01A	0.0967890781843089	0.161761684353999	0.164362089322139	0.139140799174841	0.0540420288644402	0.508701520000328
TCGA-MP-A4TC-01A	0.0525534814062161	0.146389809154863	0.156413990039519	0.148183823324303	0.0572457914883063	0.510905641014188
TCGA-91-6828-01A	0.0764370033599346	0.156736019853686	0.189558348001652	0.154156308824858	0.0920629163948139	0.526674031520064
TCGA-55-8302-01A	0.061501265906192	0.131594785410993	0.149939152067199	0.129678548960765	0.0426443284720822	0.497653525942495
TCGA-55-8087-01A	0.0609440237294551	0.158804144731283	0.127171977310427	0.116254098604272	0.0584109921584994	0.493295808663876
TCGA-L9-A743-01A	0.0956832412698364	0.175299394567674	0.176556877048702	0.153570256994593	0.0441058663973235	0.563212204427358
TCGA-38-4631-01A	0.0540387478245041	0.0750200373080832	0.150277485734978	0.127436084001571	0.0294820295022866	0.419299150001849
TCGA-NJ-A4YF-01A	0.0449093521025084	0.0956190382392537	0.116111545159008	0.0785476372111822	0.0256061243460274	0.377832632952822
TCGA-55-7815-01A	0.0582601090186521	0.121890408053399	0.225566931790353	0.133558707360608	0.0689389174276672	0.511189626805226
TCGA-55-8620-01A	0.0958530946604174	0.132205685200924	0.169608824161668	0.11414276263986	0.0605537009568394	0.462304127044928
TCGA-50-5941-01A	0.10064832877148	0.167170263132862	0.196043629592427	0.159910870146298	0.064679295452582	0.553809713631052
TCGA-78-7539-01A	0.0776425346219469	0.168573728769968	0.196418427476648	0.13305819033871	0.0435021306843525	0.554376307090434
TCGA-55-8301-01A	0.108684541785921	0.158309808820849	0.197453645174229	0.143745986966497	0.0462250901415356	0.542998823709616
TCGA-73-A9RS-01A	0.0631408014604645	0.101035813803505	0.142851201832919	0.0937026314544484	0.0404168246909411	0.415974280920338
TCGA-44-2665-01A	0.0506008222895747	0.153568600262133	0.140083939416734	0.148057682631361	0.0556522350776482	0.559900905106027
TCGA-L9-A8F4-01A	0.0998862347176196	0.164621569650963	0.18774308047151	0.127148868664596	0.0532680917593206	0.515891193800853
TCGA-55-7725-01A	0.0851264737054137	0.137657584736719	0.209204571192297	0.135134240419391	0.0538391444299855	0.498389012001896
TCGA-55-A57B-01A	0.0530036697578474	0.16507170731997	0.157885265889166	0.139118767689873	0.0417752583218791	0.539481287562242
TCGA-86-8673-01A	0.0623856095878976	0.122998704037703	0.137372361604699	0.114508638594988	0.0443446918187681	0.439065856861185
TCGA-86-A4D0-01A	0.061753742432237	0.0866941513800916	0.157711661189707	0.094988938912756	0.042468265279927	0.409262229876568
TCGA-MP-A4T8-01A	0.0211553104282964	0.131469621861557	0.12201194894835	0.101424979940702	0.0267404192325838	0.43165098764522
TCGA-93-A4JQ-01A	0.129366637906592	0.203389649190318	0.166565802396996	0.150481052077264	0.0404785352584033	0.543912128228817
TCGA-44-2666-01B	0.0834368396631741	0.136271398711417	0.16818423756082	0.10714704335972	0.0487676070120536	0.428544323605993
TCGA-97-8552-01A	0.087300428940708	0.159051178540044	0.143485983402504	0.127188130768445	0.0586172524659007	0.513352732028547
TCGA-69-7764-01A	0.0785076895540847	0.138570791409572	0.192301915074143	0.103863469059379	0.0438791336812282	0.449573570124827
TCGA-86-7701-01A	0.115294044897501	0.14841479687135	0.219292926709533	0.135160308275541	0.0517780398930905	0.500370884847811
TCGA-62-A470-01A	0.0505486864884445	0.110886242406522	0.116182857776199	0.105203608877596	0.0791761150158279	0.419737733642841
TCGA-55-7727-01A	0.108664783004027	0.136002020843972	0.200909830935059	0.127107138031655	0.0624762724015349	0.49445210422145
TCGA-L9-A7SV-01A	0.0619347040008297	0.11759386950793	0.140748091386813	0.0925402154998959	0.0364397174907201	0.416085308539273
TCGA-67-6215-01A	0.0528748895257834	0.144941984307234	0.11598610341699	0.117390050323305	0.0691594140341988	0.486061922341565
TCGA-55-7907-01A	0.0578359827971583	0.130057253915269	0.210715801713732	0.127968984874362	0.0627484672223399	0.503718064996095
TCGA-MP-A4T9-01A	0.0597521451002399	0.15827322319858	0.187618963640759	0.145792416870484	0.0779352117049668	0.523385552002917
TCGA-97-7552-01A	0.13545178140587	0.170190171826803	0.247271469320615	0.154306846352012	0.0644640112944108	0.556914710364524
TCGA-05-5429-01A	0.059231115614488	0.120005319136886	0.115568021573027	0.11050712382617	0.0311813951223348	0.428039155811514
TCGA-91-6847-01A	0.0197853268382234	0.100464797330593	0.160450262142178	0.0919262849387866	0.0350084654762513	0.392813516835062
TCGA-44-A4SS-01A	0.0637994758485935	0.160824734258085	0.199447677597939	0.148652298140008	0.0767774883419204	0.535222303804211
TCGA-55-8097-01A	0.0778235529229014	0.175656055448965	0.150415303114165	0.112959994530763	0.0520449173278745	0.501690340143738
TCGA-97-8171-01A	0.060432901836447	0.10182360460672	0.0876280958511363	0.0773946825112963	0.0360266182026246	0.397350553987106
TCGA-L9-A443-01A	0.0509354049195619	0.141086373780984	0.15795145110607	0.119958642041371	0.0525709797910455	0.46984653737445
TCGA-55-8089-01A	0.0821763521367736	0.154397675708741	0.244816658589079	0.163826715828206	0.0764540484112386	0.569028942835412
TCGA-05-4424-01A	0.0619393324233009	0.139721544553228	0.190507863876953	0.146052666635478	0.0950951527874063	0.517270043382162
TCGA-62-8395-01A	0.0746831694060794	0.14016023806567	0.161108616414036	0.11992509300669	0.0635502487332924	0.483179076645993
TCGA-53-7624-01A	0.0571642891523266	0.126698478740098	0.152035647382778	0.129686424276253	0.0250688018233382	0.48719155594507
TCGA-64-1676-01A	0.0437115282443429	0.0934148069981561	0.165673814297419	0.1346342917036	0.0554565507417933	0.505628301328641
TCGA-55-1596-01A	0.0578670393790544	0.112113593761805	0.151385009164654	0.114706628396318	0.0346260583545999	0.462130146090992
TCGA-97-8174-01A	0.0761903891421583	0.164601770580011	0.176279928038586	0.123587948661877	0.0751545875025758	0.500263090380615
TCGA-93-7348-01A	0.0916009459500752	0.15211010334102	0.142432935467438	0.126660837971551	0.0327576125841593	0.485818495242564
TCGA-38-4630-01A	0.0491688802744015	0.142038874418332	0.117305058210505	0.115282752422083	0.0494269992329428	0.446556444650356
TCGA-05-5423-01A	0.078578359373685	0.120130584887982	0.174963933316993	0.147398924005842	0.0479197770382249	0.547224583798852
TCGA-49-6767-01A	0.0381884173171435	0.136116926694837	0.18915149165548	0.126183729093572	0.0248909093567555	0.536979117799086
TCGA-05-4397-01A	0.0508519930643692	0.109208247268813	0.139771614709527	0.12625053574027	0.0872416314733912	0.47465088636938
TCGA-55-7910-01A	0.0773030434921373	0.11733510134747	0.129871713504987	0.114102553757625	0.0325321050690514	0.409433193334565
TCGA-J2-A4AG-01A	0.104955383491724	0.167714994980122	0.180233984295393	0.147775313886902	0.0429356068619459	0.545253806238937
TCGA-50-5936-01A	0.0610340846720327	0.149056502614701	0.137885687938219	0.12762242457861	0.0602533899639409	0.507387032638882
TCGA-86-8073-01A	0.0628697814618459	0.148206480841909	0.161366264642184	0.137288964496453	0.0996510292295863	0.494110410020114
TCGA-44-4112-01B	0.0746768593877534	0.129220656720993	0.215155106300456	0.13074283637772	0.0773060884559403	0.439749884270836
TCGA-05-5715-01A	0.056298365683364	0.136121295440571	0.124629813976667	0.126166969083738	0.0812039974405436	0.495204102118053
TCGA-44-5643-01A	0.0822929148941881	0.139746324913605	0.198276736528171	0.125857290101989	0.0353918573171595	0.503765354550652
TCGA-75-5146-01A	0.107221011297213	0.139403485407557	0.178951095626254	0.120597842307998	0.0588860363749724	0.477113948403184
TCGA-NJ-A4YQ-01A	0.116575020120066	0.157346359008125	0.198479693863197	0.128511538117863	0.044035762027311	0.51772301623986
TCGA-44-2657-01A	0.142391990994054	0.15032012588077	0.221410036778843	0.137001366396474	0.0565642717251432	0.538983506295847
TCGA-55-7995-01A	0.0907068780494358	0.163699191925028	0.222197942597971	0.156620613787235	0.0680201338506576	0.551598633629902
TCGA-44-2662-01B	0.0656744320317274	0.148300862630702	0.179672599003249	0.171785285773048	0.108042935234836	0.48042612999292
TCGA-49-4514-01A	0.0733849191396112	0.0951964764912383	0.141298963600663	0.0881744613119267	0.00443334973895566	0.4170880792833
TCGA-55-6712-01A	0.0837267631732992	0.152386029927995	0.220340876843015	0.140148396732251	0.0475038597414561	0.556039878780588
TCGA-44-4112-01A	0.066855331734178	0.0991580931592087	0.1831719113472	0.132982879444037	0.0584143081610724	0.485788434506414
TCGA-55-6972-01A	0.0316933050337683	0.0661451980990667	0.149147459417489	0.0626037055711872	0.00703996272065918	0.353724738674967
TCGA-44-3919-01A	0.0911029963276133	0.168256520757188	0.172316913095904	0.143018411078058	0.0581386450001411	0.546555994212679
TCGA-J2-8192-01A	0.0730105062970043	0.169624233137067	0.163015717689889	0.162799295972386	0.0719908330386289	0.564072202697375
TCGA-44-A47A-01A	0.0599813259013823	0.184736692018147	0.136447476795257	0.138600854565051	0.0344770173038725	0.57215039704562
TCGA-75-5147-01A	0.0855038396341923	0.136918175684741	0.16344098588629	0.148262834158413	0.0411321663923185	0.52133953566944
TCGA-86-A4JF-01A	0.0534218873060956	0.128023329565728	0.156810168956324	0.136005272110271	0.0477405401895866	0.495129616442459
TCGA-69-8453-01A	0.0715696554921981	0.160886226622666	0.182269245554511	0.159315219648355	0.0734826876760051	0.576822339733303
TCGA-73-4662-01A	0.0942297950081163	0.160457219001127	0.175233280480069	0.133615720627611	0.0402870948218505	0.547616315775403
TCGA-95-7039-01A	0.0446661173710606	0.128457400674142	0.180311663108908	0.109644097869349	0.0413133841407509	0.487075126312846
TCGA-NJ-A4YP-01A	0.0479335147190466	0.142309269285608	0.148696613047121	0.131349364630255	0.0391886571618071	0.479487198793804
TCGA-62-A46O-01A	0.0614923238067513	0.0944379334635811	0.113968195197001	0.0830145431975952	0.0211532739747881	0.374495029673297
TCGA-73-4668-01A	0.0638721087593073	0.11109603146797	0.150515982832305	0.102335346371434	0.0525207497233418	0.459338866034835
TCGA-05-4433-01A	0.0681555811689531	0.15915410874547	0.178711908210504	0.147875336564841	0.082564855044954	0.526607150127958
TCGA-95-A4VN-01A	0.0701028998595118	0.145693505918532	0.19792667625584	0.154063280802664	0.0468556383475213	0.542870878474335
TCGA-78-7156-01A	0.0422743572018942	0.116912755471337	0.161097369233142	0.0889438790820031	0.0321831663606937	0.407542350574088
TCGA-38-A44F-01A	0.10596244173871	0.164096404660171	0.168758074295426	0.144668216356118	0.0526599339290439	0.5304623529329
TCGA-05-4396-01A	0.0592847187222529	0.126769168573752	0.139635837141228	0.111056549542296	0.0469713898501103	0.43341824885137
TCGA-55-8204-01A	0.0793998852967565	0.113540878921208	0.170475745155544	0.141905259735295	0.0435392967529946	0.476625782859931
TCGA-55-7281-01A	0.0628308569300159	0.142685505315251	0.151015351967467	0.139644068353705	0.0513134708934689	0.55178486655657
TCGA-05-4405-01A	0.0842316220400806	0.147739041018919	0.153264193587071	0.130968079657216	0.0804877987360675	0.505089362339824
TCGA-55-8614-01A	0.0631571421973749	0.140548769006899	0.15413355091838	0.130508421241685	0.0426926851720848	0.475946046641968
TCGA-78-7152-01A	0.101167623498007	0.148621998775197	0.169206471293284	0.12103682063333	0.0469438463910102	0.485566084935678
TCGA-64-5781-01A	0.0680852246237634	0.116130376120084	0.211566564630611	0.125755949964129	0.0197980499363137	0.484236285003898
TCGA-55-7227-01A	0.0583323937053629	0.17016954630775	0.168822843445854	0.13758319539639	0.0518576214927324	0.546318672830174
TCGA-MP-A4TD-01A	0.0991675252570494	0.15842523432049	0.124395725381335	0.111676566229808	0.0376319459656026	0.469509999368835
TCGA-55-8513-01A	0.0901951791038706	0.175278698252965	0.137259373031682	0.152513446603244	0.101032270469472	0.530350884023147
TCGA-78-7542-01A	0.0532099154228755	0.135293466657103	0.121243871262867	0.123083251938047	0.0121458728025225	0.479911571710655
TCGA-O1-A52J-01A	0.0521413689080776	0.150418553951729	0.139826970736263	0.137404246377721	0.0649201831309377	0.53135483464015
TCGA-05-4425-01A	0.0512623967995139	0.158494601164198	0.179640978192485	0.153064559001212	0.0603457499800624	0.572766889840302
TCGA-73-4659-01A	0.0564584537675241	0.11996975889319	0.137493263898414	0.134100306131102	0.102450631278845	0.468271394682779
TCGA-35-5375-01A	0.0644544332748441	0.0759967870536632	0.171705278387758	0.117341374172864	0.0242096714140352	0.457027856675307
TCGA-44-2668-01B	0.0647458890487788	0.172171533437396	0.190245542089922	0.194675421233468	0.0661254978534992	0.51517667177915
TCGA-86-6562-01A	0.0592095079106076	0.140869873772105	0.155163070200482	0.133420347205965	0.0732963713093051	0.496836994817906
TCGA-86-8358-01A	0.0754958423001452	0.121523840254733	0.188795904131361	0.120786237005312	0.0735713214229565	0.453586240579299
TCGA-44-6776-01A	0.0542666833241138	0.108762188133891	0.147749524098499	0.0833618831351069	0.0248497566926945	0.436510408976845
TCGA-95-7944-01A	0.0467793663926891	0.143729931218935	0.209275652506104	0.139065462708281	0.0299506881443986	0.506269410129482
TCGA-MP-A4SW-01A	0.0993971487006752	0.156724165367648	0.142517977067373	0.12770604765502	0.0535351816974819	0.51650995448144
TCGA-49-4487-01A	0.117082509625908	0.155916534293304	0.202819210777254	0.133522635246143	0.0397719333119555	0.523381847550393
TCGA-05-4403-01A	0.0514445844952743	0.135442857500763	0.150030959689714	0.135968518253653	0.0681375976101835	0.511050105869724
TCGA-55-8512-01A	0.0417148421288089	0.128016965139987	0.14462921420469	0.13692639320309	0.0507066527915089	0.439084783474345
TCGA-44-7659-01A	0.0853953054369492	0.143512701749898	0.142021674055039	0.118684908988363	0.040228085120292	0.483577101047544
TCGA-91-6848-01A	0.0742315774995561	0.151887428023724	0.201055568664726	0.162799378461814	0.0639108687906877	0.565417701398409
TCGA-55-6986-01A	0.0800633357735216	0.150658884149252	0.148457015425432	0.119401121333754	0.064726284486556	0.493251187224371
TCGA-50-5932-01A	0.0551567193529899	0.125802019674214	0.126021134705405	0.101342308927929	0.0481334088519736	0.445057259563956
TCGA-55-6971-01A	0.108148850049965	0.165172242902346	0.203645787838775	0.159103616079408	0.0697535936322812	0.52979376347849
TCGA-55-7728-01A	0.0864477227417717	0.174570308437837	0.131487151168359	0.137812086620977	0.0694613447087041	0.549297263491652
TCGA-44-6779-01A	0.0526347437909879	0.135527228888933	0.239840236836146	0.152330801277915	0.0745545216099147	0.537149046585708
TCGA-MP-A4TK-01A	0.0911788292867587	0.165712799397131	0.152807954292824	0.134379737276986	0.0607259198113442	0.541989316563152
TCGA-86-A4P7-01A	0.0925242593587943	0.160570557465317	0.192573006958836	0.140950311005109	0.0799650732541149	0.508393027014202
TCGA-78-7162-01A	0.0782086563745316	0.135240348782566	0.216412819163741	0.114670315169501	0.0490453423998765	0.512816639829667
TCGA-69-8255-01A	0.0821577634772816	0.120800549560807	0.219156728847118	0.120236304840881	0.0466452778697883	0.466236823674834
TCGA-05-4432-01A	0.0849158220499903	0.125318988512232	0.168018995128352	0.134859629046126	0.0591045823688922	0.476989967258483
TCGA-55-A492-01A	0.054385155100993	0.118129543857668	0.113850733516388	0.0790163945194611	0.022840505638198	0.41175792474593
TCGA-50-5931-01A	0.0739182705113176	0.0818057212569718	0.174667319238328	0.10855577945155	0.0567810809777261	0.422313840950827
TCGA-97-A4LX-01A	0.112232144654052	0.190222013373767	0.189889852420391	0.155567072186828	0.0715612144676281	0.576586210299845
TCGA-50-6597-01A	0.0886346803284396	0.143866166557155	0.148626957098025	0.0941082756773604	0.0160779043986089	0.493407357553776
TCGA-MP-A5C7-01A	0.0517683691600754	0.106670173437429	0.141826228019821	0.0931805472289262	0.0257598989925598	0.41151526150553
TCGA-38-4628-01A	0.0489636727896443	0.107398019350079	0.117144981293319	0.114707376617624	0.0556463518654758	0.48572119757281
TCGA-55-8096-01A	0.087792374337192	0.137829983410703	0.147929322927388	0.133263590919658	0.0745515894283053	0.51680480490156
TCGA-73-4666-01A	0.0529785714996904	0.135729947094616	0.23470061502924	0.152371771589563	0.0740882420729619	0.543105741594063
TCGA-53-7813-01A	0.0931832965773752	0.0970449784853963	0.166348421994833	0.104114428273463	0.0217382687122367	0.383993256312508
TCGA-93-A4JO-01A	0.0941358859514667	0.179373203241973	0.177678312379952	0.148829403646533	0.0668513876931851	0.526065602723372
TCGA-55-A48X-01A	0.143695581650223	0.189499776490089	0.171821077561478	0.139890048347393	0.0570695542290714	0.518678082109543
TCGA-91-6836-01A	0.0625759694662575	0.115985632726959	0.152031279293995	0.131462941854985	0.0238333953997112	0.467622303996648
TCGA-78-7540-01A	0.062780264099589	0.126817468714612	0.122355578950336	0.103191829918934	0.0419216145728281	0.477043567112528
TCGA-49-4488-01A	0.0687729591873797	0.119514266407266	0.163503915371982	0.122334382077371	0.0196929411190605	0.525398772572388
TCGA-55-8090-01A	0.0605046808176876	0.161292300619613	0.116328710582568	0.130139706614951	0.0548037865919859	0.485133424169466
TCGA-44-7662-01A	0.0510771677595859	0.13492486009644	0.174797685676429	0.146696385687547	0.060593834914825	0.497558736251591
TCGA-55-7283-01A	0.0517905374606483	0.122937979022493	0.201975481108748	0.12295962589599	0.0494517011981387	0.515002991827874
TCGA-44-3917-01A	0.0567039130790979	0.0428949172461228	0.163486822303206	0.0859393163009438	0.0358632440440367	0.367270792261296
TCGA-62-8398-01A	0.0577603736344116	0.155637681651877	0.137189707020915	0.132575033337068	0.0510738488887778	0.495690583053439
TCGA-55-8208-01A	0.101374424677102	0.161308306567034	0.18870799971579	0.16690977154275	0.0732400470463607	0.550880814159488
TCGA-78-7536-01A	0.0645773562235125	0.122096265431942	0.162334398869253	0.133170615537212	0.0714981954633561	0.468647721586214
TCGA-69-7979-01A	0.0378324772085373	0.109942073732577	0.133430950717192	0.107779499061014	0.0660942555944258	0.432636111796908
TCGA-97-8172-01A	0.12842495782172	0.193309442508392	0.189055038830519	0.139031815361557	0.071795571126347	0.543893727427022
TCGA-50-6592-01A	0.0653199594561082	0.137164309319995	0.213127219168542	0.15658028645919	0.0512889255516685	0.542880621910779
TCGA-73-4677-01A	0.0678518874875202	0.116571924927609	0.160017507435707	0.107955300788672	0.0453272934902773	0.472453557920576
TCGA-55-A491-01A	0.0903424500075754	0.125087909372254	0.155880497810645	0.116455865801541	0.0644477082612314	0.490553596395749
TCGA-MP-A4SY-01A	0.0465821738642245	0.154442716744854	0.111096221589418	0.126412420775328	0.065114293515443	0.506346013999621
TCGA-44-6147-01B	0.119215376337383	0.140863687087663	0.23173145657447	0.134259486188023	0.0820183520059483	0.452597650491248
TCGA-44-A47G-01A	0.100473288936387	0.16519346711507	0.195903484741428	0.148156916201461	0.0570078226806539	0.556001490113464
TCGA-05-4389-01A	0.0666266704597071	0.137081821984989	0.199145353702168	0.129643601359749	0.0400610507779552	0.55844563620528
TCGA-44-6774-01A	0.0497152066695718	0.144528606298794	0.15515630240957	0.141679974648963	0.0733912151740228	0.500921774038542
TCGA-95-7562-01A	0.0552444435743735	0.129131218531752	0.14002784766842	0.128457809507361	0.0508637051509461	0.484771520534499
TCGA-86-7714-01A	0.0603368695635302	0.161841825872806	0.125409698606252	0.128856530894517	0.0529493632919794	0.527359360897356
TCGA-99-8025-01A	0.0661909201928075	0.133609868267631	0.11599837138788	0.110042598815719	0.0411716935491951	0.44512432303768
TCGA-86-8076-01A	0.106544350657549	0.155014614792674	0.184979956336111	0.141942099517441	0.0407700670457185	0.522869713311926
TCGA-86-8359-01A	0.0463590679317355	0.147417438342139	0.195634656470542	0.152333778681923	0.0298085057235602	0.455525285564044
TCGA-05-4398-01A	0.0758538969828668	0.146051755810059	0.159783524292665	0.153697077003291	0.0464603108998895	0.551573698083256
TCGA-86-8075-01A	0.0714978984025142	0.155509242135785	0.133023074749888	0.161367850394119	0.0712117882743192	0.518373939850165
TCGA-44-3396-01A	0.077142907274854	0.140284664628597	0.17526516587801	0.168621242497558	0.0529725577764097	0.533712731118533
TCGA-50-5944-01A	0.0626831045618475	0.127306022384455	0.153410500015414	0.115731249733375	0.0766500003152609	0.487320746315095
